1213 5257
1 321 13
1 403 12
2 633 21
2 913 17
2 1005 13
2 1082 17
2 1107 8
2 1213 3
3 65 12
3 510 3
3 665 9
3 753 17
3 887 10
3 939 16
3 956 7
3 1066 16
3 1206 4
4 68 18
4 77 12
4 128 5
4 639 5
4 1014 2
4 1027 9
5 114 20
5 186 14
5 358 1
5 434 5
5 494 17
5 683 14
5 1171 4
6 561 2
6 648 20
6 674 16
6 976 16
6 1017 13
6 1123 22
7 69 3
7 119 14
7 438 1
8 258 15
8 574 11
9 87 3
9 158 8
9 174 20
9 349 12
10 39 9
10 611 12
10 738 16
10 761 20
10 872 17
11 73 20
11 305 1
11 443 12
11 937 22
11 1004 14
12 38 3
12 666 17
12 921 18
13 53 19
13 338 7
13 385 22
13 443 14
13 707 20
13 1188 14
14 232 1
15 45 4
15 98 6
15 457 3
15 939 17
15 1020 6
17 539 11
17 570 21
17 842 2
17 1055 13
17 1192 17
18 48 13
18 447 21
18 509 22
18 545 5
18 627 17
18 1110 9
19 229 18
19 1185 11
20 87 21
20 825 17
20 900 1
20 1163 17
21 284 10
21 323 12
21 427 12
22 6 10
22 410 10
22 557 19
23 1108 23
24 639 17
24 877 19
25 786 3
25 986 22
25 1025 16
25 1087 14
25 1097 21
25 1165 3
26 139 11
26 177 22
26 193 15
26 708 22
26 827 12
27 35 6
27 452 14
27 946 10
28 94 16
29 231 23
29 402 5
30 18 3
30 93 14
30 594 15
30 734 20
30 745 1
30 867 18
30 1127 9
30 1195 6
31 448 21
32 145 12
32 370 1
32 704 14
32 800 23
32 898 14
33 397 17
33 1076 15
33 1163 6
34 109 1
34 344 7
34 890 2
34 1033 11
35 102 5
35 213 11
35 1063 9
35 1163 10
36 376 16
36 667 23
36 702 14
36 742 9
36 778 16
36 857 12
37 245 5
37 333 23
37 534 3
37 582 2
37 950 23
37 980 14
37 1002 4
37 1050 5
38 330 5
38 713 9
38 972 22
39 746 18
40 51 2
40 84 12
40 316 11
40 662 11
40 1072 11
41 376 11
41 588 17
41 729 13
41 983 16
41 1081 15
42 182 17
42 319 18
42 341 2
42 814 9
42 1156 17
43 118 9
43 153 11
43 550 3
43 608 20
43 1087 16
44 35 19
44 79 16
44 729 11
44 1013 18
44 1075 23
45 819 8
45 1049 16
45 1095 4
45 1105 10
46 237 9
46 780 21
46 1042 6
47 73 14
47 340 3
47 382 16
47 1056 2
47 1174 7
48 120 9
48 233 8
48 701 22
48 836 23
48 854 1
48 1040 17
49 2 18
49 242 9
49 328 4
49 421 3
49 598 14
49 901 1
50 580 22
50 1113 23
50 1162 19
51 425 8
51 604 4
51 749 8
51 1080 7
52 61 11
52 91 23
52 107 10
52 168 14
52 378 2
52 703 8
52 815 19
52 979 16
52 1090 4
53 3 11
53 905 17
53 1041 4
54 514 13
54 526 1
55 30 20
55 608 13
55 689 18
55 857 13
55 915 7
55 916 20
55 996 10
56 264 4
56 475 10
56 565 10
56 946 19
57 426 9
57 843 23
57 844 4
58 38 12
58 190 7
58 193 10
58 383 16
58 635 23
58 672 20
58 797 7
58 1133 2
59 678 21
60 168 19
60 175 17
60 262 18
60 404 7
61 138 4
61 548 21
61 882 19
61 930 21
61 1016 17
61 1150 2
62 259 15
62 459 23
62 591 3
63 340 11
63 479 10
63 836 6
63 952 21
64 400 13
64 445 1
64 495 23
64 839 12
65 308 21
65 569 6
65 790 18
65 960 8
65 1165 21
66 24 12
66 296 4
66 895 21
66 920 13
66 1007 18
67 11 17
67 161 6
67 194 12
67 724 17
67 732 3
67 973 9
68 39 12
68 49 23
68 454 20
68 597 8
69 199 14
69 331 19
70 88 10
70 417 1
70 598 5
70 725 9
70 886 15
70 1060 12
70 1070 3
70 1081 9
71 14 17
71 171 1
71 275 14
71 282 6
71 566 8
71 861 11
71 932 17
72 152 5
72 182 3
72 292 6
72 598 22
72 932 19
72 991 5
72 1194 4
73 168 12
73 247 7
73 688 6
73 866 17
73 992 23
74 289 2
74 344 1
74 350 13
74 529 21
74 835 4
74 1199 7
75 667 19
75 740 12
75 847 16
75 904 1
75 1119 15
76 460 1
76 885 18
76 932 9
77 326 14
77 548 23
77 851 16
78 23 18
78 33 10
78 114 20
78 162 20
78 239 9
78 894 12
78 1135 9
79 546 7
79 769 9
79 857 14
80 114 7
80 398 14
80 469 8
80 475 6
80 541 16
80 552 2
80 661 18
80 880 13
81 41 6
81 383 18
81 785 2
81 967 11
81 1115 10
81 1120 3
81 1146 19
82 129 10
82 229 20
82 383 4
82 542 23
83 632 13
83 700 13
83 1048 12
84 520 22
84 560 3
84 814 2
84 953 1
85 158 14
85 284 11
85 298 7
85 775 22
85 1060 1
86 136 13
86 148 7
86 203 2
86 458 18
86 600 22
86 1010 4
87 239 6
87 468 5
87 539 3
89 43 23
89 180 6
89 272 7
89 539 10
89 688 2
89 1113 3
89 1170 19
90 106 15
90 210 23
90 353 13
90 540 4
90 606 13
91 235 18
91 719 19
91 915 15
91 1125 19
92 32 19
92 339 23
92 648 6
92 896 2
92 950 15
93 180 7
93 272 8
93 595 21
93 796 2
93 1143 2
94 285 13
94 425 5
94 751 7
94 760 17
94 1003 1
94 1065 7
95 304 17
95 393 8
95 395 10
95 449 12
96 37 10
96 87 22
96 90 4
96 567 3
96 783 11
96 876 1
96 1126 9
97 750 22
97 906 20
97 979 18
97 1177 18
98 60 9
98 147 17
98 510 17
98 683 5
98 745 2
99 605 17
99 695 12
99 1080 17
100 60 19
100 162 8
100 198 6
100 399 23
100 774 8
100 993 17
101 74 1
102 495 14
102 583 4
102 1078 8
103 235 17
103 249 15
103 314 11
103 383 16
103 634 12
104 378 7
104 796 20
104 1149 13
105 936 16
106 187 19
106 440 3
106 656 10
106 788 13
106 790 11
107 74 20
107 76 6
107 95 9
107 416 21
107 563 17
107 652 15
107 1119 8
107 1136 12
108 50 22
108 507 8
108 824 11
108 828 6
108 1038 18
109 134 5
109 535 14
110 522 15
110 975 6
111 82 7
111 159 23
111 215 10
111 313 16
111 546 12
111 665 17
111 733 13
112 571 1
112 777 3
112 934 8
112 1129 20
113 246 12
113 1052 14
113 1192 7
114 102 8
114 317 13
114 382 10
114 510 22
114 714 6
114 716 1
114 764 1
114 887 17
114 946 22
114 1095 8
115 84 22
115 530 21
115 811 19
115 1124 20
116 26 11
116 363 10
116 498 3
116 638 12
116 1110 9
119 115 6
119 520 4
120 64 14
120 70 22
120 163 16
120 381 8
120 775 1
120 813 17
120 1175 4
120 1205 6
121 364 1
121 509 11
121 539 7
121 561 14
121 624 20
121 1207 23
122 154 13
122 542 14
122 1148 23
123 1039 1
124 203 12
124 378 1
124 547 16
124 1190 9
125 5 19
125 570 12
125 600 14
125 657 22
125 1137 8
126 93 2
126 402 7
126 459 14
126 583 5
126 799 21
126 817 6
126 820 21
126 949 22
127 542 1
127 1069 14
127 1170 3
128 1198 23
129 12 9
129 133 7
129 606 7
129 1054 16
130 24 3
130 26 23
130 169 5
130 543 10
130 1065 22
130 1072 22
131 23 21
131 606 16
132 735 8
132 796 23
133 36 11
133 237 14
133 364 13
133 660 3
133 783 21
133 1087 14
134 55 9
135 236 5
135 520 13
135 763 23
135 1143 11
136 281 10
136 341 22
137 149 5
137 316 17
137 927 1
137 1074 4
138 357 2
138 380 7
138 741 4
138 836 11
138 971 3
138 1079 3
139 686 16
139 688 6
139 706 1
139 851 8
140 153 3
140 228 10
140 472 16
140 508 19
140 924 14
141 74 23
141 765 3
141 1091 16
142 85 20
142 241 10
142 256 19
142 884 19
142 898 22
142 1174 18
143 7 23
144 387 2
144 434 10
144 709 4
144 1029 13
144 1160 4
145 156 7
145 301 8
145 491 4
145 847 11
145 905 19
145 1029 23
146 98 7
146 602 5
146 627 5
146 1166 8
147 285 12
147 324 1
147 760 11
147 845 21
147 998 20
148 180 2
148 395 20
148 410 22
148 751 17
148 872 11
148 1164 2
148 1197 12
149 9 6
149 159 1
149 531 1
149 695 22
149 1114 2
150 203 4
150 406 2
150 525 8
150 654 2
150 782 2
150 1102 16
150 1135 5
150 1200 6
151 19 11
151 259 22
151 367 13
151 1047 15
151 1161 3
152 40 14
152 493 20
153 39 4
153 46 1
153 793 12
153 795 17
153 831 19
153 865 2
153 949 9
153 1154 13
154 208 12
154 233 10
154 378 18
154 519 11
154 606 4
154 1055 12
155 15 3
155 1208 23
156 285 16
156 457 4
156 688 7
156 879 17
157 154 23
157 279 22
157 721 15
158 212 5
158 247 9
158 707 13
158 732 17
159 114 17
159 453 10
160 13 1
160 111 14
160 296 7
160 607 19
160 824 2
161 100 23
161 164 14
161 179 3
161 416 2
161 664 20
162 312 9
162 502 5
162 946 15
163 314 13
163 440 9
163 506 20
163 907 16
163 1089 8
164 21 12
164 325 13
164 403 8
164 752 22
164 1060 12
165 31 7
165 139 8
165 602 17
165 1089 9
165 1133 20
165 1146 4
165 1212 3
166 86 6
166 441 22
166 663 16
166 738 12
167 31 17
167 39 11
167 44 5
167 369 7
167 684 7
167 859 23
167 1031 4
167 1108 9
167 1166 5
168 398 12
168 429 16
168 921 7
168 1128 8
168 1195 8
169 107 14
169 203 14
169 297 14
169 1085 21
169 1100 6
169 1106 3
169 1127 21
170 649 13
170 776 13
171 330 7
171 487 4
171 680 10
171 780 9
172 242 3
172 272 8
172 273 18
172 301 15
172 398 1
172 549 22
172 857 13
172 1036 2
172 1092 5
173 41 13
173 968 22
174 223 8
174 238 11
174 902 4
174 1133 23
175 256 17
175 607 5
175 838 1
175 845 1
175 1096 12
176 30 14
176 220 15
176 233 12
176 785 10
176 812 13
176 1026 1
177 593 22
177 1061 13
178 25 21
178 203 9
178 410 15
178 420 1
178 474 10
178 617 9
178 761 9
178 952 5
178 1091 7
179 169 21
179 338 6
179 359 5
179 562 4
179 698 21
179 996 6
179 1076 14
180 204 1
180 305 5
180 502 1
180 894 22
180 1185 5
181 252 1
181 665 11
181 1133 13
182 133 16
182 560 22
182 694 22
182 777 22
182 867 16
182 883 21
182 1002 11
183 27 8
183 73 23
183 77 2
183 321 8
183 371 9
183 438 4
183 776 16
183 935 13
184 487 4
184 900 7
184 994 12
184 1196 2
185 199 11
185 571 9
185 898 8
185 997 18
186 135 3
186 439 12
186 535 19
186 680 2
186 772 11
186 818 13
186 852 6
186 1113 23
187 60 22
187 270 21
187 523 21
187 629 14
187 730 7
187 1003 12
188 12 18
188 116 14
188 289 11
188 890 13
188 1012 21
188 1044 20
188 1077 16
190 180 7
190 266 9
190 357 13
190 1110 14
191 237 15
191 655 9
191 1078 18
192 2 23
192 59 16
192 583 6
193 58 3
193 402 21
193 487 18
193 987 21
195 96 2
195 332 2
195 676 20
196 62 1
196 103 23
196 323 17
196 510 16
196 830 8
197 1164 17
198 97 4
198 491 2
198 761 8
198 1132 9
199 243 15
199 803 22
199 888 22
200 108 1
200 159 23
200 720 1
200 1192 8
201 179 13
201 878 15
201 968 16
201 1113 1
202 45 15
202 570 2
202 695 23
202 736 11
202 848 22
203 125 18
203 275 2
203 299 1
203 433 13
203 666 21
203 672 18
203 837 12
204 6 8
205 396 10
205 418 13
205 470 1
205 1031 8
205 1075 15
205 1092 2
205 1145 10
206 83 23
206 406 18
206 898 8
206 1063 17
206 1078 17
206 1183 8
207 437 1
207 1132 23
207 1203 23
208 25 16
208 855 17
208 1054 8
208 1167 11
208 1195 16
209 130 18
209 285 10
209 509 4
209 530 13
209 896 4
209 1145 16
209 1190 10
210 26 21
210 166 22
211 554 11
212 244 2
212 928 11
213 309 5
213 1009 3
214 271 2
214 610 7
214 736 12
214 876 18
214 937 18
215 255 13
215 610 12
215 1195 11
216 338 14
216 495 12
217 214 10
217 506 13
217 575 22
217 589 3
217 596 14
217 691 9
217 927 12
218 573 2
218 622 12
218 868 16
219 278 14
219 529 15
219 594 8
219 1121 23
220 157 7
220 364 23
221 630 4
221 872 8
221 1136 11
222 890 9
222 1101 4
222 1145 6
222 1165 9
223 122 9
223 758 1
223 829 3
223 916 21
223 919 12
225 3 13
225 69 11
225 169 17
225 207 16
225 420 18
225 609 15
225 1194 12
226 18 8
226 363 1
226 444 23
226 487 10
226 914 6
226 1044 15
226 1146 23
226 1152 21
227 15 17
227 84 17
227 278 4
227 490 16
227 1161 20
228 20 5
228 1209 20
229 133 22
229 173 8
229 641 3
230 372 7
230 495 16
230 523 3
230 697 9
230 805 7
230 991 8
231 339 21
231 403 11
231 408 1
231 467 7
231 517 5
231 642 10
231 1086 18
231 1092 7
232 257 4
232 472 18
232 765 10
232 793 9
232 838 3
232 957 3
232 1086 6
233 26 19
233 244 19
233 600 9
233 694 12
234 96 10
234 344 13
234 696 8
234 877 2
234 976 14
234 1026 4
234 1194 9
235 323 23
235 431 23
235 457 17
235 909 6
235 1077 7
236 19 9
236 99 11
236 250 2
236 874 15
236 1025 15
237 124 11
237 147 4
237 208 15
237 319 14
237 385 21
237 783 1
237 1033 22
238 491 23
238 586 4
238 880 5
238 1021 13
239 232 16
239 316 7
239 832 18
239 961 19
239 985 14
240 441 19
240 571 21
240 669 4
240 982 23
240 1019 6
241 42 21
242 35 22
242 213 16
242 295 20
242 1159 23
243 100 1
243 214 7
243 434 1
243 596 10
243 963 16
243 1177 11
244 197 13
244 287 7
244 634 1
244 944 4
245 47 8
245 188 22
246 156 3
246 162 5
246 215 20
246 268 15
246 371 20
246 446 4
246 1039 9
247 603 16
247 993 17
248 463 5
249 338 7
249 673 14
249 721 21
249 1130 6
250 301 11
251 211 19
251 319 21
251 445 8
251 749 18
251 994 16
251 1121 14
251 1185 12
252 234 2
252 842 23
252 1155 22
253 1074 8
254 454 7
254 727 22
254 997 11
255 408 8
255 583 15
255 842 13
255 1206 12
256 174 11
256 193 22
256 534 8
256 581 8
256 1014 1
257 179 17
257 196 1
257 226 22
257 463 17
257 915 9
257 1010 19
258 68 22
258 333 19
258 554 15
258 614 20
258 1210 20
259 250 3
259 662 12
259 682 5
259 919 15
260 734 7
260 802 4
261 14 13
261 420 14
262 2 4
262 411 6
262 470 1
262 762 11
262 824 14
262 1127 7
262 1128 22
263 86 1
263 544 22
263 711 1
263 848 9
263 1033 23
264 203 17
264 331 3
264 397 21
264 473 5
264 533 5
264 577 17
264 738 3
265 49 18
265 101 2
265 125 22
265 287 14
265 869 21
265 894 4
265 1115 12
266 114 12
266 619 10
266 813 10
267 36 19
267 534 17
267 665 13
268 75 18
268 161 11
268 1053 1
269 189 8
269 418 12
269 754 16
269 1053 2
270 218 10
270 798 16
270 858 4
270 954 9
270 977 4
271 25 1
271 495 1
271 511 8
271 517 5
271 864 11
271 1042 10
272 420 22
272 923 12
272 942 3
272 1067 7
273 133 9
273 503 6
273 516 18
273 537 15
273 627 10
273 914 21
273 1192 4
274 345 20
274 626 11
274 942 21
275 147 8
275 553 5
275 688 22
276 387 19
276 555 20
276 1189 23
277 100 22
277 132 13
277 215 21
277 334 8
277 419 16
277 548 21
277 1155 2
278 203 23
278 383 19
278 411 12
278 435 9
278 436 12
278 589 23
278 872 11
278 1163 18
279 178 2
279 295 11
279 313 6
279 607 16
279 806 14
279 829 4
280 298 19
280 302 10
280 803 8
280 872 10
280 1046 11
280 1093 12
281 2 8
281 472 6
281 734 2
282 451 2
282 838 5
282 1011 14
283 197 22
283 822 6
283 937 23
283 1201 13
285 45 7
285 209 16
285 326 2
285 740 12
285 810 19
285 884 13
285 1067 11
285 1190 23
286 325 7
286 1028 6
286 1148 10
286 1161 7
286 1162 22
287 328 23
287 877 10
287 987 11
289 649 4
291 43 17
291 91 21
291 1052 14
292 185 22
292 196 22
292 264 14
292 522 23
292 941 23
293 123 18
293 578 8
293 723 15
293 851 17
293 884 1
293 970 21
294 318 17
294 366 17
294 375 23
294 938 5
294 1160 12
295 217 6
295 645 9
295 671 11
295 726 13
295 800 14
295 915 15
296 305 19
296 313 6
296 525 8
296 766 22
296 774 11
296 825 11
296 1148 9
297 34 8
297 367 2
297 466 1
297 964 23
298 44 15
298 98 17
298 211 17
298 344 3
298 358 1
298 802 8
298 1030 13
298 1086 19
299 130 23
299 723 6
299 728 12
300 52 22
300 232 10
300 321 17
300 771 21
300 778 18
300 1195 21
301 460 10
301 1058 8
301 1166 12
302 547 22
302 787 8
303 196 20
303 435 14
303 1027 18
304 840 1
304 934 22
304 1114 19
305 42 19
305 409 22
305 512 18
305 626 4
305 1014 16
305 1127 11
306 270 6
306 584 10
306 867 13
307 118 18
307 377 22
307 718 12
307 838 17
307 1096 4
308 35 4
308 585 3
308 976 20
308 979 1
308 1016 14
308 1066 18
309 96 5
309 285 16
309 461 23
309 629 20
309 687 23
309 729 19
309 803 11
309 1009 17
309 1026 14
310 50 3
310 107 12
310 186 9
310 317 19
310 771 23
310 932 13
311 260 11
311 301 11
311 365 12
311 1068 14
312 117 17
312 301 1
312 606 13
312 734 5
312 758 17
312 1018 10
313 800 2
313 981 14
313 1192 7
314 73 2
314 84 4
314 288 18
314 541 23
314 725 19
314 928 17
315 35 20
315 60 18
315 361 7
315 443 7
315 678 5
315 861 20
315 952 3
315 1038 16
315 1043 5
316 925 21
316 1111 10
317 269 11
317 508 8
317 771 20
318 718 23
318 755 16
318 808 7
319 198 23
319 275 22
319 569 11
319 634 10
319 668 8
320 9 6
320 162 23
320 442 8
320 591 7
320 856 4
321 508 2
321 619 7
321 673 16
321 910 19
321 985 3
321 1049 11
322 395 2
322 541 3
322 556 15
322 1198 15
323 279 5
323 635 2
323 859 13
324 96 3
324 182 11
324 431 1
324 505 4
324 795 1
324 976 17
326 216 13
326 301 7
326 365 10
326 754 5
326 815 11
326 856 19
326 1075 13
326 1158 16
326 1211 19
327 199 14
327 218 16
327 235 16
327 534 16
327 542 22
327 851 8
327 859 5
328 7 18
328 1017 12
329 189 23
329 436 14
329 840 4
330 282 14
330 326 13
330 433 22
330 570 3
330 665 15
331 31 9
331 975 3
331 1095 12
333 57 3
333 65 19
333 568 19
333 637 9
333 702 5
333 833 23
334 323 13
334 953 18
335 52 6
335 274 5
335 978 7
335 1006 20
335 1180 20
336 138 22
336 533 6
336 634 13
336 1091 23
337 43 10
337 127 1
337 280 12
337 380 9
337 642 15
337 929 9
337 1055 16
337 1063 4
338 197 7
338 390 18
338 401 12
338 424 9
338 523 15
338 769 17
338 839 11
339 667 4
339 1140 12
340 368 13
340 1057 3
341 36 12
341 40 2
341 74 20
341 316 11
341 736 23
341 962 3
341 1200 7
342 51 13
342 776 18
342 903 12
342 991 2
342 1103 11
343 313 15
343 603 3
343 907 22
343 1018 23
344 980 11
345 55 1
345 597 15
345 669 14
346 124 1
346 705 4
346 959 19
346 996 3
347 204 18
347 915 12
347 1198 7
347 1213 21
348 502 18
348 873 19
349 132 23
349 264 23
350 107 14
350 241 13
350 261 10
350 516 13
350 689 9
350 920 17
351 230 20
351 302 3
351 992 22
351 1009 21
352 51 8
352 1073 14
353 102 17
353 109 6
353 281 7
353 439 4
353 952 1
353 1143 22
354 222 11
354 636 1
354 707 2
354 821 6
354 942 4
354 1070 13
355 405 12
355 799 4
356 88 10
356 296 23
356 493 23
356 511 4
356 983 22
357 224 7
357 263 16
357 734 8
357 802 14
357 1040 19
357 1052 18
358 140 10
358 713 21
358 781 11
359 47 7
359 1042 5
359 1181 1
360 950 18
361 443 5
361 569 7
361 797 21
361 911 22
362 441 22
362 1000 3
362 1095 16
362 1197 23
363 15 2
363 101 19
363 523 6
364 227 7
364 273 23
364 761 16
364 1058 6
365 680 16
365 686 13
365 808 4
366 174 22
366 284 22
366 1040 6
366 1067 6
366 1112 17
367 544 23
367 1045 15
368 67 9
368 267 10
368 950 16
368 1169 7
369 117 4
369 889 10
369 1005 5
369 1044 5
370 425 1
370 445 3
370 608 3
370 671 3
370 960 19
370 994 20
370 1006 22
371 220 8
371 342 2
371 580 5
371 1185 1
372 284 11
372 340 11
372 505 10
372 654 23
372 812 8
373 19 3
373 331 22
373 344 13
373 354 8
373 656 9
373 697 7
373 754 23
373 859 17
373 904 10
373 926 9
373 1194 18
374 306 8
374 1011 18
375 236 22
375 442 12
375 479 12
376 203 19
376 866 14
377 87 9
377 384 14
377 481 10
378 435 7
378 485 15
378 691 12
378 875 11
378 1122 16
379 438 22
380 112 21
380 464 19
380 477 16
381 468 23
381 979 21
382 171 14
382 206 12
382 544 6
382 794 16
382 1014 12
382 1184 22
383 196 10
383 481 16
383 538 7
383 668 21
383 746 23
383 819 18
383 954 19
384 30 11
384 247 6
384 283 14
384 769 18
384 950 14
384 1002 21
384 1081 5
385 60 20
385 264 13
385 1052 10
385 1110 8
386 132 22
386 301 2
386 510 22
387 6 17
387 533 17
387 636 21
387 940 15
387 1016 1
388 512 4
388 808 14
389 1009 17
389 1014 9
390 157 12
390 894 20
390 1049 1
390 1087 18
391 79 17
391 174 17
391 272 12
391 382 6
391 698 4
391 1047 11
391 1057 14
392 305 22
392 517 2
392 633 11
392 961 20
392 1156 15
393 69 17
393 413 23
393 473 16
393 487 9
393 489 1
393 719 15
393 792 3
393 821 18
394 29 6
394 170 11
394 1006 12
394 1073 3
395 27 18
395 161 5
395 229 12
395 235 6
395 238 18
395 1085 6
395 1183 17
396 102 5
396 229 23
396 330 22
396 426 11
396 556 20
396 1188 9
397 283 18
397 687 12
397 744 4
397 822 5
398 297 8
398 535 19
398 562 16
398 670 7
398 790 11
398 888 1
398 1142 2
399 160 19
399 356 20
399 500 19
401 293 2
401 660 1
401 750 1
401 943 21
402 18 18
402 470 23
402 498 9
402 693 17
402 896 17
402 993 9
403 146 10
403 379 16
403 934 8
403 1110 2
404 631 3
404 871 21
404 918 11
404 975 20
405 802 10
405 883 14
406 186 18
406 377 11
406 413 3
406 511 4
406 575 18
406 883 14
406 978 5
406 1112 13
406 1183 9
407 258 18
407 401 2
407 479 4
407 603 19
407 779 2
407 786 2
407 1186 7
408 191 1
408 370 4
408 467 1
408 705 12
408 802 12
408 1158 4
409 52 4
409 85 13
409 263 6
409 379 23
409 386 11
409 420 16
409 427 13
409 447 20
409 970 23
410 178 1
410 298 1
410 502 3
410 573 5
411 282 12
411 371 10
411 387 3
411 543 1
411 658 18
411 973 20
411 1073 2
411 1082 16
411 1206 9
412 52 4
412 720 17
412 1011 16
413 43 21
413 740 20
413 856 16
413 858 9
413 924 9
413 930 13
413 1044 6
414 171 21
414 638 18
414 658 5
414 868 2
414 1100 4
414 1149 17
414 1172 15
414 1192 21
415 74 18
415 382 16
416 246 17
416 353 16
416 493 4
416 784 3
417 83 18
417 103 5
417 134 14
417 212 14
417 691 6
417 855 6
418 564 23
418 633 3
418 955 22
419 35 9
419 37 1
419 394 13
419 629 18
419 682 9
419 829 21
419 830 7
419 862 15
420 53 12
420 206 2
420 627 13
420 749 14
420 1047 22
420 1073 1
420 1109 5
421 1 19
421 276 12
421 684 20
421 856 12
422 230 4
422 314 1
422 513 14
422 568 21
422 817 22
422 828 22
423 109 5
423 405 4
424 439 4
424 464 4
424 779 7
424 1003 20
424 1089 6
425 138 1
425 275 9
425 487 23
425 1168 9
426 193 23
426 669 1
426 740 17
427 593 11
427 1198 19
427 1203 7
428 480 18
428 663 17
428 1005 7
429 6 23
429 569 13
429 999 18
429 1050 13
429 1112 18
430 138 15
430 411 7
430 885 9
430 968 12
430 1166 5
431 28 1
431 75 16
431 174 3
431 673 21
431 956 14
431 998 3
432 92 17
432 170 19
432 717 3
432 940 19
432 1072 13
433 536 5
433 545 18
433 555 13
434 20 22
434 45 6
434 196 8
434 498 22
434 503 23
434 535 18
434 705 22
434 1030 16
434 1053 7
434 1069 10
435 108 23
435 123 2
435 348 1
435 371 6
435 446 4
435 461 12
436 67 5
436 216 4
436 343 21
436 414 7
436 824 18
436 842 5
436 943 9
436 1050 12
436 1086 18
436 1146 5
437 307 7
437 361 7
437 598 9
437 709 2
438 105 13
438 798 7
438 856 1
438 905 14
438 978 5
439 209 17
439 513 8
439 1008 3
439 1037 4
439 1068 9
440 194 12
440 290 3
440 333 4
440 756 6
440 847 8
440 1197 7
441 77 11
441 144 6
441 245 4
441 296 9
441 988 12
441 1204 21
442 122 13
442 525 14
442 1174 3
443 816 7
443 901 18
443 971 4
444 122 7
444 439 21
444 694 22
444 1117 19
445 71 4
445 177 22
445 240 3
445 714 3
445 997 9
446 106 11
446 925 22
447 20 12
447 312 13
447 358 5
447 870 14
447 894 16
447 1093 10
448 53 16
448 249 16
448 290 21
448 588 15
448 948 13
448 1015 23
449 458 4
449 663 10
449 802 6
449 902 11
449 924 7
449 991 13
449 1195 23
450 148 10
450 434 13
450 914 20
450 948 8
450 978 3
450 1096 17
451 566 23
451 1103 5
452 229 13
452 431 8
452 466 9
452 702 12
453 186 14
453 518 21
454 254 10
454 392 21
454 996 13
455 128 13
455 328 13
455 453 5
455 517 10
455 785 22
455 898 17
455 916 3
456 185 19
456 799 21
456 1137 9
457 46 6
457 233 4
457 604 15
457 676 22
458 432 7
459 33 4
459 189 12
459 275 14
459 521 6
459 681 6
459 1005 7
459 1144 11
460 889 18
461 177 14
461 230 19
461 460 23
461 925 4
461 985 17
461 1113 3
461 1206 2
462 206 23
462 587 16
462 783 8
462 924 5
462 1200 19
462 1211 6
463 275 15
463 604 22
463 709 1
463 744 12
463 792 7
463 955 1
464 43 9
464 177 21
464 528 16
464 655 15
464 705 18
464 865 5
464 1041 22
464 1102 1
464 1166 4
465 84 5
465 413 11
465 504 15
465 727 13
466 8 23
466 61 15
466 445 16
466 571 10
466 884 17
466 1167 11
467 14 10
467 176 9
467 272 19
467 577 14
468 522 5
468 692 18
469 134 22
469 376 20
469 467 13
469 592 5
469 725 20
469 994 13
469 1208 13
470 26 17
470 1104 5
471 186 22
471 430 11
471 948 3
471 979 14
472 401 5
472 509 6
472 706 13
472 742 15
472 805 21
472 967 2
473 111 9
473 294 6
473 364 11
473 432 18
473 656 22
473 676 22
473 709 4
473 843 2
473 869 11
473 982 11
473 1044 23
474 29 22
474 501 10
474 777 13
474 1038 11
475 88 14
475 326 9
475 490 17
475 939 20
476 241 2
476 546 16
476 725 18
476 727 6
476 1085 18
476 1104 3
477 57 11
477 729 1
477 769 15
477 773 19
477 1005 15
477 1078 10
478 133 4
478 344 20
478 598 20
478 897 16
479 156 12
479 465 12
479 790 19
479 794 13
479 834 22
480 68 7
480 260 6
480 367 21
480 464 10
480 739 18
480 995 2
480 1087 23
481 899 20
481 1190 19
482 431 19
482 779 15
482 1059 11
482 1082 8
483 249 21
483 659 5
483 1069 4
484 227 2
484 427 22
484 450 18
484 482 14
484 554 13
484 1078 4
485 431 12
485 618 9
485 674 17
485 819 4
485 831 21
486 59 6
486 162 16
486 196 4
486 739 21
487 131 22
487 425 4
487 1069 18
487 1126 8
487 1198 15
488 368 14
488 687 1
488 782 12
488 827 9
488 851 14
488 1191 3
489 144 19
489 324 15
489 511 17
490 124 17
490 136 18
490 302 12
490 355 16
490 626 12
490 846 3
491 70 22
491 189 9
491 382 8
491 544 2
491 700 2
491 1042 5
491 1089 22
491 1187 1
492 98 20
492 606 19
492 847 22
492 1018 19
493 324 16
493 436 10
493 596 20
493 877 2
493 1149 23
495 182 15
495 460 13
495 1209 8
496 83 5
496 217 9
496 274 20
496 302 19
496 455 3
496 526 14
496 1013 13
497 271 8
497 360 23
497 703 18
497 858 4
497 886 21
497 1036 20
498 55 11
498 323 22
498 406 21
498 538 15
498 573 14
499 248 16
499 408 12
499 564 4
499 609 14
499 637 1
499 645 19
500 520 23
500 637 14
500 1152 20
501 187 23
501 244 5
501 386 3
501 492 1
501 496 9
502 232 12
502 997 21
502 1084 21
503 15 8
503 73 5
503 949 4
503 1085 15
504 310 4
504 355 21
504 380 13
504 876 1
505 121 11
505 510 23
505 1072 17
506 108 3
506 384 9
506 463 7
506 813 18
506 910 14
506 1034 10
507 24 8
507 65 14
507 70 23
507 303 1
507 440 4
507 524 13
507 800 17
507 979 9
508 305 16
508 333 18
508 468 11
508 714 21
508 727 9
509 46 9
509 304 22
509 332 13
509 455 6
509 548 7
509 555 16
509 591 21
509 998 19
509 1053 10
509 1095 8
509 1124 13
509 1171 3
510 204 10
510 269 21
510 391 4
510 418 4
510 523 11
510 755 13
510 783 11
510 899 18
510 1130 6
510 1198 6
511 31 21
511 58 19
511 114 22
511 248 23
511 444 5
511 1008 10
511 1044 5
512 129 2
512 263 18
512 379 13
512 614 17
512 641 1
512 688 12
512 719 23
513 11 16
513 133 9
513 136 19
513 207 20
513 471 17
513 954 8
513 1127 16
514 182 3
514 485 22
514 695 19
514 932 1
514 1102 9
514 1167 3
515 267 11
515 545 3
516 33 8
516 61 10
516 570 17
516 892 20
517 575 9
517 1073 17
517 1144 1
518 401 18
518 696 21
519 255 19
520 164 7
520 184 4
520 580 12
520 782 7
521 13 9
521 521 6
521 539 17
521 555 18
521 868 1
521 893 13
521 968 11
521 1037 2
522 128 22
522 422 7
522 837 23
522 841 18
522 938 7
522 1071 8
523 188 14
523 307 12
523 761 4
523 866 15
523 1109 21
523 1116 20
524 991 12
525 180 6
525 254 7
525 604 6
526 224 18
527 266 21
527 494 19
527 523 1
527 898 18
528 37 1
528 57 7
528 95 4
528 597 6
528 790 23
528 969 21
528 1113 23
529 329 6
529 587 2
529 647 1
529 860 5
529 993 2
529 1033 17
529 1066 16
530 820 9
531 57 18
531 443 6
532 448 14
532 900 21
532 924 20
532 1204 11
533 345 12
533 487 2
533 846 11
533 1099 12
534 398 2
534 557 5
534 585 4
534 592 20
534 663 22
534 702 21
534 914 14
535 49 22
535 457 18
535 533 14
535 747 22
535 841 15
536 101 13
536 218 21
536 300 10
536 452 8
536 483 19
536 496 12
536 600 1
536 930 11
536 1005 14
537 84 19
537 200 16
537 392 4
537 397 16
537 567 7
537 604 14
537 732 21
537 944 2
537 1026 18
537 1118 4
538 468 3
539 391 22
540 127 7
540 329 16
540 677 14
540 1035 4
541 61 7
541 908 13
542 201 22
542 1199 20
543 888 5
543 1121 7
544 30 3
544 274 2
544 308 11
544 541 10
544 568 21
544 696 22
544 899 11
544 1191 2
546 335 12
546 388 6
546 586 12
547 669 15
547 1015 15
548 248 18
548 1105 22
549 407 13
549 425 19
549 483 17
549 946 10
549 1137 16
550 320 9
550 690 16
551 893 8
551 1003 23
551 1043 13
551 1086 14
552 22 6
552 86 11
552 673 4
552 861 10
552 1058 12
552 1077 7
553 223 11
553 276 22
553 758 16
553 802 2
554 259 14
554 857 20
554 911 21
554 1055 19
554 1101 2
554 1152 9
555 105 10
555 286 11
555 359 20
555 452 2
555 889 17
555 1091 15
555 1191 12
556 518 3
556 656 7
556 718 21
557 203 18
557 482 9
557 770 14
558 562 7
558 888 16
558 901 19
558 1101 12
559 890 20
559 944 5
559 1198 23
560 466 20
560 512 9
560 628 15
560 664 6
560 954 5
560 1207 5
561 52 3
561 516 2
561 724 23
561 1092 21
562 75 10
562 435 3
562 644 8
562 668 6
562 715 21
562 1211 1
563 289 14
563 660 10
564 420 3
564 536 15
564 1039 7
564 1193 20
565 45 23
566 320 14
566 546 21
566 1075 15
567 245 9
567 267 9
567 705 5
567 914 7
567 979 2
567 1003 1
568 617 9
568 646 16
568 879 1
568 1106 13
569 252 14
569 897 3
570 321 14
570 407 7
570 906 17
570 957 17
570 1048 3
572 139 2
572 588 22
572 606 23
572 1075 2
573 471 7
573 789 9
574 157 22
574 165 15
574 451 9
574 1068 12
575 1148 14
576 226 22
576 409 9
576 541 22
576 560 1
576 1038 17
577 32 21
577 124 1
577 759 12
577 817 15
578 303 10
578 689 4
578 748 15
579 259 22
579 498 17
579 567 11
579 973 7
579 997 17
579 1005 5
580 266 23
580 376 19
580 1196 6
581 141 16
581 331 19
581 376 1
581 584 22
581 829 21
582 18 16
582 387 13
582 467 1
583 618 5
583 1010 20
584 4 16
584 64 7
584 283 12
584 657 17
584 1077 18
584 1196 9
585 98 11
585 462 6
585 688 18
586 9 20
586 26 4
586 430 3
586 759 19
586 788 14
586 879 14
587 516 2
587 568 8
587 597 12
587 797 18
587 802 3
587 934 11
588 868 10
588 1000 15
588 1184 5
589 335 2
589 381 7
589 954 21
589 1005 8
589 1028 7
589 1046 19
589 1097 4
589 1115 22
590 132 19
590 441 10
590 630 9
590 1080 13
591 50 12
591 81 20
591 91 13
591 209 6
591 853 16
591 1101 16
591 1148 9
592 444 5
592 448 23
593 82 16
593 247 6
593 408 7
593 876 4
593 913 18
594 95 4
594 425 14
594 564 4
594 802 12
594 1076 18
595 144 6
595 216 18
595 459 9
595 750 13
595 937 1
596 109 4
596 151 11
596 157 17
596 455 23
596 845 14
596 876 2
596 1013 6
597 270 2
597 301 15
597 686 18
597 783 2
597 970 2
597 978 4
598 199 10
598 1173 6
599 126 4
599 289 19
599 492 6
599 864 4
599 1212 22
600 720 23
600 792 7
601 250 6
601 964 3
602 951 19
602 1101 23
603 1113 2
604 55 13
604 448 9
604 470 9
604 550 8
604 625 6
604 883 13
604 1030 1
605 54 22
605 150 3
605 392 19
605 570 5
605 741 4
605 911 11
606 462 16
606 483 5
606 639 12
606 1038 14
606 1060 8
607 84 11
607 106 11
607 162 20
607 202 16
607 279 14
607 683 18
607 724 15
607 1065 15
608 152 17
608 306 12
608 466 10
608 1003 17
609 12 7
609 509 16
609 1124 19
609 1148 15
610 653 17
610 703 1
610 894 21
610 897 17
612 142 17
612 373 23
612 681 7
612 848 21
613 572 21
613 627 11
614 28 7
614 62 2
614 337 16
614 600 14
614 602 4
614 626 3
615 619 1
615 661 23
615 1146 19
616 243 15
616 299 12
616 340 4
617 868 6
617 1149 5
618 428 9
618 439 9
618 658 15
618 783 16
619 765 18
619 894 4
619 927 1
619 1145 12
620 274 22
620 444 22
620 683 22
620 944 15
620 981 15
621 530 5
621 637 6
621 898 12
622 83 15
622 560 12
622 787 8
623 144 7
623 745 3
623 989 5
623 1108 10
623 1125 3
623 1173 21
624 432 22
624 527 11
624 562 9
624 670 19
624 853 10
624 1129 8
625 138 5
625 165 18
625 450 16
625 555 14
625 630 7
625 660 20
625 931 8
626 24 18
626 390 18
626 847 23
627 343 16
627 386 9
627 785 15
628 551 21
628 678 14
628 752 3
628 1002 6
629 148 19
629 184 4
629 423 13
629 679 21
629 688 8
630 158 16
630 469 18
630 644 6
630 797 8
630 811 22
630 971 8
630 1015 3
631 611 9
631 678 9
631 746 1
631 836 20
631 1150 2
632 527 14
632 840 3
632 998 21
633 333 16
633 555 20
633 921 15
633 1098 15
634 332 7
634 435 17
634 484 6
634 745 21
634 764 7
634 877 3
634 890 3
635 79 2
635 291 6
635 338 9
635 475 17
635 610 14
636 550 18
636 636 5
636 687 13
636 915 2
636 975 3
637 155 20
637 301 22
637 373 11
637 722 23
637 1040 22
638 223 2
638 543 1
638 580 7
638 747 4
639 246 21
639 462 22
639 601 18
639 752 6
639 897 13
640 320 1
640 483 16
640 800 13
640 929 21
641 50 22
641 998 15
642 399 17
642 478 17
643 72 20
643 626 3
643 790 4
644 24 4
644 51 20
644 288 8
644 1099 16
644 1201 16
644 1205 5
645 259 7
645 375 14
645 389 9
645 444 6
645 602 6
645 939 10
646 330 23
646 411 12
646 859 8
646 1008 14
647 15 4
647 348 2
647 354 19
647 399 17
647 795 19
648 135 11
648 650 6
648 788 10
649 9 3
649 277 14
649 794 3
649 1085 13
649 1128 10
650 350 22
650 542 11
650 793 8
650 942 13
650 1179 12
651 607 17
651 1076 5
652 709 16
652 950 23
652 1096 18
652 1124 2
653 235 22
653 277 17
653 281 5
653 340 21
653 991 6
653 1122 6
653 1189 5
654 222 3
654 235 1
654 476 23
654 1115 19
655 130 19
655 223 4
655 401 18
655 475 22
655 940 23
655 1032 8
655 1094 2
655 1209 13
656 244 12
656 280 17
656 919 23
656 1051 19
656 1104 6
657 119 11
657 320 12
657 376 10
657 508 21
657 655 6
657 941 21
657 1189 16
657 1204 21
658 7 15
658 451 14
658 792 13
658 888 14
658 966 20
658 1171 17
659 224 16
660 289 20
660 487 17
660 520 6
660 541 16
660 897 14
661 137 17
661 216 8
661 917 8
661 1113 19
661 1126 3
662 312 14
662 648 7
662 667 20
662 1027 13
663 539 2
663 885 2
663 1209 17
664 65 7
664 236 6
664 424 8
665 344 12
665 471 3
665 648 23
665 680 4
665 771 11
665 1101 14
666 54 16
666 308 1
666 413 4
666 686 9
666 806 11
667 129 23
667 886 19
667 1081 10
668 128 9
668 520 4
668 541 3
668 573 17
668 774 11
668 882 21
668 907 19
668 970 1
669 250 4
669 594 15
670 89 7
670 480 22
670 650 11
670 902 17
671 184 23
671 576 16
671 604 2
671 951 5
671 1146 12
672 187 18
672 235 8
672 444 23
673 104 2
673 376 23
673 479 17
673 609 5
673 758 9
673 891 21
673 964 5
674 431 21
674 439 7
674 625 13
674 741 1
674 833 10
675 18 6
675 202 11
675 204 1
675 797 19
675 906 11
676 403 5
676 514 4
676 1020 17
677 649 20
677 922 14
678 65 11
678 363 19
678 415 23
678 1050 12
679 712 1
679 850 12
680 563 23
680 625 2
680 831 5
680 1082 2
681 136 2
681 188 15
681 525 6
681 842 4
682 288 13
682 999 10
683 45 1
683 145 13
683 481 23
683 711 19
683 982 16
683 1002 22
684 24 6
684 115 17
684 449 17
684 633 17
684 944 21
684 949 15
685 189 4
685 260 11
685 362 5
685 829 14
686 574 7
687 324 5
687 509 19
687 628 1
687 1056 10
688 280 19
688 370 19
688 645 14
688 1116 14
689 85 14
689 336 22
689 387 19
689 407 17
689 904 11
689 1140 6
690 263 12
690 486 18
690 723 22
690 789 7
690 966 10
691 26 14
691 286 6
691 354 3
691 580 2
691 675 16
691 753 17
691 797 16
691 914 20
691 945 5
692 229 20
692 247 4
692 511 5
692 918 18
692 1182 17
693 28 22
693 128 4
693 169 6
693 583 17
693 688 11
694 85 19
694 344 8
694 410 10
694 511 14
695 378 18
695 548 20
695 648 19
695 720 23
695 735 8
695 1001 11
695 1169 23
695 1198 18
696 327 2
696 530 6
696 587 20
696 769 3
696 920 21
696 985 14
698 371 18
698 641 11
699 70 18
699 1012 8
700 140 15
700 511 16
700 786 3
700 944 8
701 277 14
701 320 23
701 595 13
701 1170 7
702 418 11
702 435 2
702 995 8
703 1205 20
704 459 15
704 792 20
704 932 10
705 958 5
705 1186 19
705 1187 18
706 127 15
706 146 19
706 365 12
706 482 10
706 822 1
707 209 2
707 1123 6
707 1154 15
708 117 15
708 164 17
708 232 3
708 333 3
708 390 2
708 562 11
708 1056 12
708 1059 21
709 209 12
709 579 2
710 7 14
710 290 1
710 671 3
710 693 1
710 1005 19
711 210 4
711 395 20
711 1000 10
711 1154 23
712 265 7
712 440 14
712 509 19
712 889 18
712 945 23
713 176 14
713 437 6
713 552 3
713 891 8
713 1158 1
713 1169 9
714 19 16
714 503 16
714 863 2
714 1172 12
715 133 12
715 215 20
715 375 22
715 570 1
715 880 11
715 1052 4
715 1071 19
715 1093 2
716 105 21
716 534 21
716 553 2
716 1084 16
716 1189 19
717 362 16
717 397 3
717 438 18
717 615 16
717 955 10
717 1172 13
717 1206 10
718 63 3
718 285 20
718 405 9
718 633 6
718 714 21
718 890 9
718 994 14
719 408 8
719 899 18
719 1113 9
721 128 19
721 310 1
721 473 23
721 505 12
721 571 1
721 977 4
722 341 15
722 449 13
722 996 5
722 1120 13
722 1137 5
723 74 1
723 528 5
723 625 23
723 873 10
723 1157 1
723 1200 17
724 16 2
724 328 11
724 776 1
724 971 11
724 1130 13
725 107 14
725 503 19
725 528 12
725 866 12
725 1167 21
726 85 2
726 150 13
726 277 16
726 679 5
726 767 2
726 1025 16
727 13 4
727 114 13
727 187 10
727 916 7
727 947 22
727 1092 22
728 257 6
728 1062 5
729 336 20
729 377 23
729 494 3
729 796 19
729 909 9
729 1175 4
730 345 7
730 547 10
730 598 8
730 717 7
730 766 14
731 62 14
732 729 20
733 146 3
733 349 3
733 612 2
733 685 23
733 873 4
733 1011 14
733 1025 15
734 185 2
734 319 16
734 559 1
734 771 22
734 937 22
735 42 10
735 468 6
735 525 20
735 917 3
735 1159 5
736 254 18
736 267 22
736 332 4
736 386 21
736 877 18
737 696 12
737 767 18
737 901 18
737 1183 21
738 448 2
738 610 1
738 691 5
738 1192 15
739 26 14
739 101 7
739 118 17
739 518 16
739 598 6
739 656 15
739 720 23
740 178 15
740 324 10
740 491 15
740 647 15
740 687 9
740 792 8
741 170 19
741 566 8
741 600 21
741 1188 21
742 112 12
742 175 16
742 349 19
742 382 9
742 508 13
742 872 7
742 877 20
742 1028 1
743 82 18
743 598 11
744 97 2
744 371 18
744 535 15
744 556 10
744 761 9
745 498 15
745 632 21
745 800 18
746 56 20
746 157 6
746 163 17
746 276 11
746 391 15
746 609 3
746 990 20
746 1080 23
747 362 10
747 496 15
747 930 1
748 773 7
749 237 12
749 595 12
749 625 22
749 952 1
749 1098 14
750 205 5
750 730 2
750 1036 10
750 1060 5
751 1056 19
751 1061 14
751 1200 23
752 189 8
752 650 22
752 686 10
752 704 10
752 822 13
753 223 1
753 334 4
753 581 4
753 1203 6
754 331 14
754 402 8
754 466 20
754 857 16
754 1026 4
754 1158 14
755 242 2
755 572 12
755 667 14
755 849 3
755 1018 17
756 308 20
756 661 1
756 730 12
756 819 4
756 840 23
756 1032 7
757 327 8
757 621 21
757 726 19
757 832 21
757 916 21
757 922 3
757 958 14
758 195 1
758 511 12
758 623 20
758 986 1
758 1100 9
759 636 23
759 863 23
759 993 17
759 1109 2
760 253 13
760 486 9
761 8 22
761 480 3
761 481 5
761 586 11
761 662 11
761 723 7
761 931 4
762 4 1
762 28 1
762 136 9
762 238 4
762 755 23
762 918 15
763 90 11
763 912 21
763 918 11
764 196 3
764 306 12
764 749 7
764 867 10
764 896 12
764 1009 13
765 476 6
765 485 6
765 713 21
765 888 23
766 108 5
766 149 14
767 278 1
767 322 17
767 412 17
767 609 22
767 675 14
767 714 15
767 803 3
767 867 1
768 53 21
768 130 1
768 463 18
768 563 15
768 603 9
768 608 15
768 723 15
768 929 1
769 105 20
769 761 6
769 985 5
770 454 16
770 455 17
770 680 11
770 1083 2
771 167 22
771 186 23
771 663 1
771 783 4
771 860 15
771 895 23
772 465 8
772 694 22
772 715 17
772 1209 18
773 99 9
773 192 16
773 261 8
773 698 23
773 732 12
773 814 2
773 951 20
774 64 12
774 309 13
774 422 12
774 689 21
775 396 5
775 568 20
775 783 15
775 1146 1
775 1175 19
775 1202 19
775 1205 10
776 521 6
776 610 6
776 891 11
777 24 4
777 45 23
777 561 11
777 662 1
777 742 14
777 1020 5
778 516 2
778 900 6
778 1169 21
779 351 19
779 432 15
779 757 7
779 919 21
780 74 14
780 129 19
780 242 22
780 664 5
780 749 7
780 809 12
781 204 16
781 817 4
781 1087 10
782 429 6
782 437 18
782 1194 4
783 89 1
783 295 7
783 466 13
783 501 23
783 817 13
783 1030 17
783 1065 3
784 425 6
784 439 4
784 713 3
784 819 19
785 113 8
785 260 21
785 712 18
785 963 23
785 1027 16
786 21 9
787 664 6
787 1000 13
788 113 23
788 394 1
788 536 6
788 825 4
788 1090 8
788 1167 11
789 5 13
789 162 5
789 311 20
789 542 12
790 183 17
790 514 17
790 616 6
790 684 23
791 94 6
791 198 5
791 271 6
792 226 16
792 375 7
792 794 11
792 829 19
793 149 3
793 153 23
793 378 21
795 109 23
795 521 18
795 922 20
795 1154 9
796 36 3
796 242 19
796 467 16
796 512 19
796 566 20
797 17 21
797 116 16
797 212 21
797 384 2
797 491 5
798 718 2
798 1028 21
798 1205 10
799 762 18
800 334 8
800 1028 15
800 1051 12
800 1053 7
801 6 19
801 86 17
801 599 22
801 620 19
801 750 22
801 791 17
801 884 21
801 1127 21
801 1141 8
802 335 14
802 886 9
802 1160 21
803 184 17
803 330 12
803 728 17
804 1001 9
805 146 1
805 689 13
805 1137 23
806 161 17
806 201 10
806 235 1
806 346 21
806 720 5
807 51 21
807 538 8
807 814 17
807 897 22
807 1018 16
808 101 5
808 116 5
808 435 12
808 468 15
808 613 3
808 739 7
808 823 7
808 1039 19
808 1074 22
809 196 5
809 236 21
809 499 6
809 732 7
810 13 18
810 25 22
810 61 18
810 265 5
810 937 7
811 426 13
811 486 17
811 774 23
811 909 6
811 1000 20
811 1180 23
812 454 20
812 468 19
812 753 20
813 164 21
813 200 12
813 225 12
813 1052 14
814 12 10
814 42 16
814 54 19
814 623 18
814 706 18
814 806 2
815 523 2
815 605 8
815 719 17
816 15 23
816 158 5
816 296 17
816 431 6
816 885 16
816 939 15
816 1073 18
817 268 21
817 841 16
818 75 7
818 103 14
818 890 15
819 96 6
819 142 5
819 691 15
819 1043 2
820 467 23
820 549 5
820 863 23
820 1009 5
821 56 17
821 240 7
821 289 8
821 373 9
821 802 2
822 14 19
822 428 21
822 484 3
822 552 14
822 915 5
822 1000 14
822 1125 13
823 79 9
823 115 7
823 228 13
823 304 1
823 318 15
823 328 1
823 840 21
824 451 1
824 702 1
824 941 6
825 658 10
826 290 6
826 412 4
826 958 1
826 979 7
827 518 20
827 563 22
827 690 23
827 1063 1
828 621 9
828 988 6
829 300 2
830 703 12
831 871 7
831 1114 20
831 1132 9
832 614 4
832 651 11
832 856 13
832 909 17
832 971 17
832 1178 15
832 1188 17
833 1047 23
834 43 15
834 52 2
834 222 23
834 262 7
834 462 3
834 511 23
834 945 12
835 491 12
835 571 22
835 718 15
835 773 6
835 965 6
835 977 11
836 42 21
836 61 22
836 88 5
836 106 1
836 161 5
836 719 23
837 590 12
837 748 11
837 951 19
837 1089 14
838 335 8
838 617 23
838 930 20
839 559 18
839 606 11
839 669 11
839 779 11
839 1198 10
840 117 19
840 383 13
840 386 4
840 562 2
840 654 9
840 1213 3
841 40 7
842 229 20
842 434 19
842 987 15
843 53 19
843 233 1
843 951 19
843 963 16
843 1201 16
844 330 23
845 7 16
845 717 20
845 770 16
845 987 21
846 452 2
846 748 6
846 1074 5
846 1211 9
847 82 5
847 197 1
847 687 4
847 783 15
848 806 11
848 1005 8
849 339 19
849 433 7
849 462 14
849 828 22
849 944 8
849 1201 22
850 640 18
850 998 15
850 1024 12
851 8 13
851 114 6
851 851 7
851 1007 7
852 8 19
852 210 17
852 448 23
852 455 18
853 213 3
853 492 13
853 500 5
853 608 18
853 812 8
853 1005 10
853 1210 22
854 586 17
854 1080 14
855 108 23
855 482 14
855 855 23
856 45 4
856 284 15
856 563 12
856 713 10
857 177 6
857 475 10
857 705 12
857 709 4
857 1082 21
857 1166 20
858 43 10
858 297 11
858 300 19
858 946 10
858 1062 11
859 479 14
859 759 3
859 761 4
859 777 3
859 1139 23
860 111 17
860 374 7
860 1041 11
860 1097 18
861 14 16
861 536 9
861 908 11
861 944 6
862 12 2
862 53 18
862 135 22
862 648 6
862 683 10
863 626 10
864 164 15
864 200 9
864 231 13
864 600 20
864 611 6
864 630 11
864 806 16
864 820 15
865 122 15
865 187 12
865 296 2
865 708 19
866 106 19
866 656 21
866 787 23
866 841 21
867 60 14
867 562 10
867 1120 4
868 68 1
868 78 4
868 86 19
868 335 4
868 554 9
868 660 19
869 468 5
869 532 20
869 1197 11
870 158 10
870 377 23
870 530 15
871 12 19
871 301 8
871 898 4
871 1125 15
871 1187 14
872 128 8
872 849 2
873 213 22
873 410 16
873 775 7
874 417 17
874 554 6
874 571 2
874 800 9
874 1054 22
875 167 23
875 216 22
875 268 8
875 387 3
875 465 17
875 648 5
875 678 16
875 1181 20
876 168 7
877 78 5
877 259 1
877 517 4
877 518 15
877 962 5
877 1031 20
877 1132 6
878 770 17
878 828 5
878 879 4
879 444 2
880 195 12
880 547 5
881 772 3
881 949 4
881 1016 21
882 336 9
882 440 21
882 504 20
882 661 11
882 738 6
882 762 18
883 15 4
883 17 4
883 230 2
883 267 23
883 680 14
883 771 23
883 952 15
884 12 10
884 263 1
884 887 19
884 919 11
885 174 4
885 197 5
885 420 9
885 880 17
885 963 4
885 1049 2
885 1113 15
886 102 7
886 677 3
886 818 3
886 1084 6
887 333 23
887 373 1
887 769 20
888 1083 8
888 1143 21
889 152 16
889 229 12
889 650 20
889 847 10
889 958 15
889 962 17
890 178 5
890 182 9
890 706 8
890 1006 4
890 1043 23
891 1 17
891 204 4
891 506 13
891 604 21
891 869 1
892 706 11
892 860 6
892 887 18
893 74 14
893 576 1
893 796 9
893 802 15
893 924 4
894 7 6
894 1146 20
895 101 20
895 167 6
895 313 16
895 778 4
895 904 20
896 121 8
896 1115 10
896 1178 16
897 530 17
897 1157 18
898 108 9
898 740 15
898 852 3
898 1046 16
899 266 18
899 337 20
899 685 4
899 1140 16
900 390 9
900 1021 1
900 1082 10
901 260 19
901 704 1
901 876 21
902 106 3
902 123 1
902 244 7
902 254 17
902 282 21
902 553 6
902 918 13
902 1105 17
903 85 5
903 179 22
903 313 15
903 1048 1
904 107 6
904 672 18
904 952 10
906 67 16
906 641 12
906 1187 12
907 41 7
907 80 9
907 328 22
907 334 19
907 1083 5
907 1156 2
908 15 5
908 225 7
908 720 19
908 771 14
908 1206 19
909 514 19
909 956 12
909 962 21
909 1010 14
909 1049 12
909 1131 9
910 42 5
910 121 11
910 375 21
910 674 22
910 722 15
910 760 14
911 142 7
911 149 9
911 581 13
911 690 1
911 699 12
911 1175 23
912 107 6
912 468 23
912 816 23
912 971 14
913 68 21
913 341 18
914 467 18
914 510 22
914 520 16
914 848 1
915 282 18
915 304 7
915 531 13
915 1181 7
916 288 18
917 241 11
917 790 20
917 824 23
917 880 19
917 1102 19
917 1185 10
918 483 10
918 742 17
918 776 1
918 963 23
918 1030 17
919 13 3
919 582 7
919 649 11
919 868 14
919 993 6
919 1034 16
919 1171 13
920 56 5
920 249 7
920 267 5
920 386 17
920 565 18
920 593 20
920 693 9
920 991 13
921 403 14
922 306 15
922 454 2
923 60 15
923 77 3
923 232 6
923 489 5
923 869 19
924 468 1
924 723 23
924 738 5
925 368 5
925 385 10
925 1061 22
926 94 21
926 996 3
926 1023 1
926 1113 4
927 185 7
927 582 8
927 1082 3
928 224 23
928 879 15
928 1170 8
929 39 23
929 371 19
929 501 1
929 930 17
929 1067 15
930 21 3
930 98 6
930 269 23
930 385 18
930 441 2
930 480 14
930 585 14
930 835 7
930 857 12
931 279 10
931 302 8
931 309 12
931 397 8
931 428 6
931 536 21
931 827 7
931 1004 20
931 1122 18
931 1175 1
932 237 1
932 502 1
932 758 3
932 799 20
932 1185 23
933 273 17
933 897 4
933 1014 16
934 381 6
934 697 21
934 789 10
934 1186 14
935 398 1
936 447 9
936 619 13
936 792 12
937 346 10
937 757 20
938 256 19
938 518 17
938 674 9
938 779 5
938 916 18
938 1052 14
938 1194 7
939 17 23
939 748 11
940 264 13
940 679 13
941 261 22
941 279 7
941 299 13
941 696 23
941 1178 9
942 231 10
942 785 16
943 393 19
943 909 7
943 922 9
943 1063 18
943 1103 5
944 19 18
944 1158 9
945 654 22
945 981 20
945 1089 21
946 27 10
946 58 7
946 293 12
946 336 22
946 573 23
946 918 14
946 1098 21
947 70 11
947 74 4
947 75 4
947 619 4
947 741 14
947 845 10
948 32 16
948 458 13
948 546 10
948 689 6
949 41 6
949 396 13
949 551 9
949 697 21
949 1155 8
950 46 9
950 392 23
950 862 3
950 916 7
950 1204 11
951 69 5
951 197 5
951 304 8
951 377 2
951 463 8
951 699 14
951 802 7
951 856 7
952 426 7
952 567 20
952 618 4
952 865 17
952 910 23
952 1050 1
953 167 20
953 504 8
954 158 10
954 477 12
954 817 14
954 1050 19
955 30 11
955 52 19
955 173 8
955 351 13
955 562 10
955 975 10
955 994 22
956 437 10
956 636 6
956 883 5
956 988 20
957 61 10
957 126 4
957 385 21
957 387 5
957 501 11
957 1011 11
957 1105 12
958 365 11
958 616 17
958 850 8
958 981 8
959 111 4
959 260 2
959 320 8
959 657 23
960 220 9
960 720 11
960 741 6
961 34 22
961 505 7
961 715 16
961 725 17
962 165 8
962 396 6
962 719 20
962 729 17
963 105 21
963 258 6
963 322 22
963 723 19
963 1130 20
964 746 8
964 809 22
964 1196 17
965 1 13
965 1061 4
966 639 22
966 657 1
966 835 8
966 885 9
967 291 2
967 408 16
967 1100 13
968 235 3
968 650 17
968 1054 6
968 1111 5
969 82 5
969 359 11
969 416 3
969 815 11
969 1052 21
969 1125 13
970 53 18
970 699 3
970 880 10
970 884 6
970 961 17
970 1089 9
970 1152 4
971 189 12
971 712 22
971 937 12
972 204 5
972 359 16
972 988 18
972 1103 8
973 209 8
973 474 12
973 522 15
974 105 16
974 486 13
974 1043 1
974 1092 5
974 1123 10
975 47 18
975 329 5
975 1040 14
975 1094 16
976 6 15
976 148 11
976 692 20
976 1017 12
976 1168 23
977 17 14
977 335 8
977 890 3
978 154 13
978 503 18
978 659 6
978 1178 17
979 26 7
979 292 4
979 691 22
979 1044 11
979 1154 13
980 104 16
980 394 12
980 425 20
980 702 4
980 877 20
980 1065 7
980 1122 10
981 16 15
981 1106 11
982 9 19
982 970 3
982 1084 15
982 1132 4
983 146 18
983 152 1
983 231 14
983 865 14
984 730 6
984 987 7
985 370 21
985 653 14
985 758 4
985 850 11
985 864 8
985 933 9
986 72 21
986 680 8
987 98 6
987 1087 19
988 69 12
988 199 13
989 229 5
989 386 23
989 671 3
989 710 2
989 740 14
989 741 9
989 855 11
989 1066 5
989 1125 14
989 1191 1
990 195 7
990 273 22
990 672 21
990 771 1
991 244 22
991 447 11
991 525 8
991 607 5
991 627 11
991 719 5
991 922 12
991 1047 8
992 443 9
992 631 13
992 892 10
992 1084 6
993 1174 15
994 437 16
994 610 18
994 1197 3
995 789 22
995 1173 22
996 59 20
996 159 1
996 173 23
996 414 10
996 782 10
997 32 5
997 554 8
997 707 23
997 832 22
997 947 14
998 181 21
998 282 19
998 351 8
998 471 14
998 508 23
999 709 9
999 752 12
999 817 10
999 1035 7
1000 308 17
1000 495 18
1000 552 16
1000 698 6
1000 772 4
1001 262 15
1001 267 14
1001 439 13
1001 706 10
1001 827 17
1001 945 11
1001 1107 8
1002 172 7
1002 325 6
1002 562 2
1003 7 16
1003 38 9
1003 289 23
1003 344 17
1003 428 8
1003 758 21
1003 770 1
1004 551 22
1004 926 16
1004 971 8
1005 460 6
1005 771 15
1006 358 10
1006 579 17
1006 835 18
1007 87 16
1007 190 10
1007 273 6
1007 628 8
1007 834 10
1007 942 4
1007 979 17
1007 1017 23
1007 1021 10
1008 136 3
1008 153 16
1008 352 15
1008 627 4
1008 649 22
1008 653 20
1008 783 5
1008 1074 8
1009 63 5
1009 260 21
1010 293 1
1010 313 6
1010 847 18
1010 959 1
1011 139 21
1011 445 10
1011 556 2
1011 735 4
1012 278 18
1012 404 5
1012 843 20
1013 333 7
1013 1036 21
1013 1102 7
1014 237 6
1014 287 22
1014 313 10
1014 444 9
1014 472 15
1014 485 9
1014 898 19
1014 902 17
1015 95 19
1015 212 4
1015 284 15
1015 392 17
1015 691 23
1015 814 13
1015 939 19
1015 1122 21
1016 473 11
1016 752 13
1018 478 20
1018 502 5
1018 922 8
1019 97 17
1019 802 9
1019 808 3
1019 886 20
1019 1063 20
1020 805 8
1021 201 17
1021 414 3
1022 58 5
1022 814 17
1022 960 9
1022 1071 20
1023 31 3
1023 109 11
1023 409 12
1023 425 5
1023 1136 23
1024 258 22
1024 332 23
1025 398 3
1025 434 7
1025 638 11
1026 1044 19
1026 1147 20
1027 142 23
1027 389 10
1027 639 7
1027 707 12
1027 776 6
1027 824 5
1027 1017 13
1028 847 23
1028 855 13
1028 886 16
1029 15 19
1029 417 4
1029 932 17
1029 1030 6
1030 553 23
1030 658 15
1030 665 16
1031 1006 2
1031 1112 11
1032 219 12
1032 234 13
1032 617 16
1032 713 17
1032 868 6
1033 459 9
1033 1157 10
1034 11 9
1034 214 15
1034 268 20
1034 1007 21
1034 1102 11
1034 1209 19
1035 41 8
1035 777 17
1035 859 2
1036 603 13
1036 919 16
1036 1019 14
1037 45 6
1037 118 22
1037 208 23
1037 262 2
1037 368 2
1037 703 16
1037 729 1
1037 779 2
1038 175 7
1038 267 11
1038 327 20
1038 398 12
1038 491 22
1038 663 9
1038 997 4
1039 34 9
1039 403 9
1039 590 12
1039 644 19
1039 975 17
1039 986 4
1039 1004 15
1040 719 8
1040 923 8
1040 972 5
1041 92 15
1041 131 19
1041 145 6
1041 637 22
1041 830 11
1041 993 19
1041 1141 4
1042 835 9
1042 886 19
1043 71 22
1043 142 5
1043 284 5
1043 313 17
1043 422 6
1043 1134 12
1044 79 4
1044 141 2
1044 145 23
1044 344 19
1044 660 5
1044 933 20
1044 956 5
1044 1107 13
1045 22 9
1045 1041 23
1046 29 23
1046 216 6
1046 329 8
1046 549 7
1046 693 7
1046 1203 6
1047 464 16
1047 617 2
1047 1078 11
1048 214 8
1048 729 12
1048 939 1
1048 962 11
1048 1134 15
1048 1139 13
1049 403 4
1049 416 19
1049 886 17
1049 1029 20
1049 1035 18
1049 1181 22
1049 1185 23
1050 46 13
1050 208 15
1050 295 18
1050 340 17
1050 594 12
1050 823 16
1051 33 23
1051 689 14
1051 980 9
1051 1021 16
1051 1063 13
1051 1066 11
1052 129 17
1052 136 19
1052 305 16
1052 378 9
1053 138 21
1053 249 21
1053 549 10
1053 836 3
1053 973 21
1053 1046 20
1053 1201 17
1056 298 4
1056 441 17
1056 529 12
1057 17 14
1057 158 13
1057 714 23
1057 718 13
1057 760 6
1057 850 13
1057 1078 21
1057 1212 18
1058 39 23
1058 138 9
1058 248 10
1058 447 23
1058 522 22
1058 837 13
1058 936 9
1059 229 11
1059 457 23
1059 597 2
1059 848 7
1059 1177 15
1060 158 4
1060 422 21
1061 18 12
1061 246 13
1061 370 23
1061 744 3
1061 1180 4
1062 356 11
1062 607 6
1062 1166 20
1063 117 16
1063 611 20
1063 910 4
1063 947 16
1063 971 3
1064 950 9
1064 962 5
1064 1158 23
1064 1168 20
1065 63 21
1065 72 9
1065 530 1
1065 864 14
1065 884 1
1065 991 13
1065 1075 23
1066 975 6
1068 269 12
1068 810 18
1069 51 6
1069 176 3
1069 673 22
1069 944 3
1069 1025 9
1069 1186 5
1070 179 19
1070 539 11
1070 957 8
1070 986 23
1070 1107 17
1071 167 5
1071 194 16
1071 199 7
1071 787 8
1071 973 2
1071 1166 9
1072 318 10
1072 363 23
1072 638 8
1072 751 7
1072 1209 20
1073 74 10
1073 371 7
1073 394 11
1073 494 5
1073 583 13
1073 728 10
1073 794 10
1074 586 1
1074 1183 4
1075 72 9
1075 98 20
1075 265 19
1076 773 11
1076 797 5
1076 1083 1
1077 831 23
1077 844 10
1077 1102 2
1077 1133 17
1078 212 3
1078 531 6
1078 784 3
1078 880 3
1078 1148 7
1079 567 4
1079 996 11
1079 1125 11
1079 1209 20
1080 318 12
1080 764 11
1080 809 16
1081 40 16
1081 350 11
1081 968 20
1082 447 20
1083 175 23
1083 238 23
1083 1120 23
1084 37 17
1084 69 21
1084 267 8
1084 679 13
1084 880 16
1085 143 12
1085 525 12
1085 807 10
1085 869 5
1086 7 21
1086 624 12
1086 629 21
1086 822 17
1086 918 11
1086 1038 23
1086 1115 19
1087 286 12
1087 292 20
1087 398 23
1087 445 16
1087 559 16
1087 668 11
1087 684 3
1087 890 9
1087 958 20
1087 1006 7
1088 9 22
1088 244 10
1088 364 6
1088 670 22
1089 12 9
1089 13 22
1089 217 19
1089 255 10
1089 357 5
1089 514 5
1089 538 15
1089 792 16
1089 809 15
1089 975 20
1091 488 7
1091 706 20
1091 1023 11
1092 110 23
1092 721 7
1092 920 11
1093 375 18
1093 385 12
1093 1100 7
1093 1205 17
1094 523 4
1094 986 17
1094 1075 22
1095 67 23
1095 537 2
1095 722 18
1095 808 6
1095 885 17
1096 330 22
1096 516 11
1096 520 15
1096 909 1
1097 596 3
1097 1041 4
1098 111 11
1098 280 2
1098 482 9
1098 893 19
1098 937 11
1099 335 17
1099 1070 15
1100 28 18
1100 185 7
1100 790 3
1101 138 17
1101 238 7
1101 469 7
1101 668 12
1101 992 19
1102 541 7
1102 568 22
1102 684 16
1102 950 23
1103 282 20
1103 480 16
1103 808 18
1104 107 9
1104 269 21
1104 731 12
1104 831 1
1104 1057 3
1105 77 20
1105 153 1
1105 818 22
1105 980 1
1106 304 5
1106 355 23
1106 422 3
1106 851 1
1107 125 11
1107 824 13
1107 970 15
1107 1202 22
1108 34 19
1108 114 11
1108 202 15
1108 749 19
1109 134 17
1109 378 20
1109 1123 14
1109 1185 18
1110 140 13
1110 291 1
1110 1176 17
1111 470 3
1111 916 16
1112 462 12
1112 534 5
1112 961 13
1112 1184 23
1113 1019 5
1114 391 9
1114 633 19
1114 682 6
1114 1211 8
1115 414 13
1115 831 4
1116 85 7
1116 726 15
1116 935 4
1116 1212 11
1117 28 21
1117 173 13
1117 411 3
1117 456 10
1117 568 23
1117 1058 18
1117 1108 6
1118 260 11
1118 415 8
1118 662 19
1118 1116 5
1118 1180 20
1118 1199 19
1119 45 21
1119 75 17
1119 153 5
1119 191 3
1119 668 21
1119 716 18
1119 791 2
1119 967 3
1119 1197 20
1120 201 15
1120 410 2
1120 725 4
1120 987 4
1121 44 5
1121 936 5
1122 723 13
1122 812 9
1123 54 9
1123 1054 4
1123 1130 21
1124 63 12
1124 509 14
1125 282 14
1125 578 23
1125 656 19
1125 876 18
1125 1002 7
1126 301 8
1126 668 16
1126 761 21
1126 945 21
1127 163 8
1127 332 14
1127 420 2
1127 519 10
1127 698 11
1127 701 13
1127 1150 6
1128 206 13
1128 399 10
1128 423 14
1128 583 8
1128 1105 13
1129 196 11
1129 489 13
1129 555 11
1129 617 23
1129 1046 21
1130 90 20
1130 117 4
1130 203 12
1130 1101 8
1130 1119 11
1131 152 19
1131 971 7
1132 224 6
1132 490 14
1132 686 7
1132 784 13
1132 912 6
1132 992 4
1133 452 4
1133 731 13
1134 206 17
1134 285 6
1134 325 23
1134 356 22
1135 59 12
1135 143 22
1135 192 5
1135 353 21
1135 692 12
1135 742 13
1136 889 5
1137 2 22
1137 47 2
1137 585 15
1138 368 16
1138 524 16
1138 1015 5
1138 1081 13
1138 1126 4
1139 223 12
1139 282 23
1139 340 22
1139 510 12
1139 1119 5
1140 133 6
1140 200 19
1140 606 11
1140 1014 12
1141 230 22
1141 598 15
1141 779 18
1141 806 10
1142 123 14
1142 280 11
1142 403 2
1142 908 2
1142 993 9
1143 415 6
1143 735 17
1143 738 20
1143 817 18
1144 220 21
1144 593 13
1144 638 13
1144 898 6
1145 312 5
1145 417 5
1145 522 11
1146 450 17
1146 699 2
1146 885 22
1147 10 16
1147 359 18
1147 457 11
1147 587 14
1147 810 23
1148 604 23
1148 789 1
1148 1111 5
1148 1156 21
1149 679 9
1149 778 23
1149 889 1
1150 237 22
1150 641 10
1151 403 2
1152 226 18
1152 486 13
1152 492 8
1152 609 11
1152 1130 9
1153 374 19
1153 382 8
1153 429 21
1153 1003 3
1154 192 7
1154 311 2
1154 319 1
1154 796 17
1154 1137 12
1155 20 20
1155 914 10
1156 281 4
1156 404 14
1156 774 14
1156 835 11
1156 906 7
1156 1059 13
1156 1075 12
1157 86 6
1157 161 10
1157 415 14
1157 519 5
1157 729 5
1157 993 7
1158 415 8
1158 1076 6
1158 1193 18
1159 7 20
1159 640 7
1159 754 5
1160 395 23
1160 461 20
1160 543 6
1160 621 14
1161 765 16
1161 893 12
1161 939 10
1161 994 16
1161 1197 23
1162 538 21
1162 1021 6
1163 37 9
1163 367 19
1163 509 19
1164 51 22
1164 489 6
1165 325 20
1165 533 11
1166 257 17
1166 615 19
1166 683 14
1167 389 2
1167 510 23
1167 585 12
1167 667 2
1167 678 1
1168 682 18
1169 292 19
1169 1042 15
1169 1172 18
1170 227 23
1170 415 14
1170 488 8
1170 706 22
1170 740 4
1170 789 23
1170 1098 10
1171 310 13
1171 605 10
1171 635 9
1171 761 5
1171 774 15
1171 969 17
1171 1040 23
1171 1200 5
1172 133 9
1172 243 5
1172 283 1
1172 564 13
1172 1136 16
1172 1153 13
1173 257 4
1173 348 17
1173 866 12
1173 904 15
1174 173 12
1174 548 6
1174 1205 3
1175 1072 7
1175 1113 20
1176 64 15
1176 279 23
1176 314 10
1176 963 22
1176 1034 21
1177 82 8
1177 96 16
1177 683 7
1177 1014 14
1177 1036 2
1177 1123 10
1178 1131 18
1179 652 16
1179 820 20
1179 999 17
1180 221 14
1180 262 6
1180 301 22
1180 587 8
1180 863 12
1180 1100 14
1180 1143 20
1181 124 9
1181 160 1
1181 252 8
1181 284 1
1181 363 12
1181 703 8
1181 1094 20
1182 28 18
1182 161 4
1182 170 5
1182 629 11
1182 930 8
1182 1078 4
1183 63 8
1183 129 15
1183 437 13
1184 92 8
1184 107 5
1184 610 14
1184 685 17
1184 1055 17
1184 1101 23
1185 389 8
1185 630 10
1185 682 14
1185 739 7
1185 803 2
1185 969 21
1186 98 18
1186 555 15
1186 586 18
1186 1032 4
1187 38 9
1187 47 19
1187 78 21
1187 390 20
1187 534 3
1187 673 11
1187 845 8
1188 302 1
1188 1146 16
1189 395 18
1189 476 8
1189 611 19
1189 983 19
1189 1003 16
1190 620 8
1191 154 4
1191 210 14
1191 214 15
1191 442 14
1191 482 7
1191 572 8
1191 591 15
1192 5 17
1192 33 21
1192 285 21
1192 962 18
1193 213 13
1193 815 10
1193 900 4
1193 904 7
1194 44 13
1194 77 12
1194 233 19
1194 317 4
1194 379 3
1194 1059 16
1194 1143 14
1195 851 4
1195 1190 16
1196 164 6
1196 594 16
1196 693 17
1197 310 18
1197 314 11
1197 444 9
1198 249 19
1198 499 8
1198 980 22
1199 225 10
1199 626 16
1199 669 23
1199 705 18
1200 597 7
1200 639 16
1200 844 9
1200 966 5
1201 220 4
1201 253 21
1201 412 8
1201 456 1
1201 933 21
1201 1009 20
1202 222 7
1202 437 17
1202 510 23
1202 1102 3
1203 163 3
1203 378 13
1203 385 6
1203 608 12
1203 702 13
1203 774 15
1204 165 5
1204 992 7
1205 125 3
1205 252 7
1205 356 3
1205 438 4
1205 475 5
1205 979 12
1206 318 19
1206 396 21
1206 613 23
1206 631 20
1206 645 13
1206 826 9
1206 1045 18
1207 326 11
1207 482 23
1207 794 2
1207 834 5
1207 947 21
1208 20 21
1208 1093 11
1209 439 8
1209 808 14
1209 831 7
1209 975 4
1209 1075 20
1210 629 13
1210 711 15
1210 862 9
1210 1039 21
1210 1041 19
1210 1057 16
1210 1087 17
1210 1144 19
1211 90 18
1211 608 21
1211 796 17
1211 1164 23
1212 90 10
1212 440 15
1212 872 17
1212 1093 6
1212 1159 21
1213 227 19
1213 474 23
1213 906 8
