54 848
1 2 7
1 13 6
1 14 8
1 16 2
1 17 17
1 20 5
1 26 18
1 30 4
1 31 9
1 32 15
1 34 17
1 38 18
1 39 14
1 42 8
1 49 14
1 50 8
2 3 19
2 4 17
2 5 1
2 8 1
2 11 1
2 12 17
2 15 17
2 30 3
2 38 3
2 41 19
2 48 6
2 49 4
2 50 14
2 54 6
3 10 9
3 13 13
3 24 3
3 25 9
3 26 6
3 27 12
3 28 13
3 30 4
3 31 15
3 36 14
3 48 18
3 51 11
3 52 11
3 54 3
4 1 19
4 2 4
4 6 2
4 7 17
4 13 13
4 14 2
4 16 10
4 17 13
4 19 18
4 20 18
4 25 7
4 27 20
4 28 8
4 29 13
4 30 3
4 32 14
4 34 10
4 35 4
4 36 6
4 37 4
4 38 12
4 40 3
4 42 15
4 44 16
4 46 6
4 48 9
4 50 9
4 52 16
4 54 12
5 2 11
5 3 18
5 5 2
5 6 7
5 8 20
5 9 10
5 14 19
5 19 13
5 20 11
5 22 3
5 43 11
5 48 20
5 53 10
6 2 10
6 6 8
6 10 14
6 11 5
6 13 1
6 15 15
6 17 8
6 18 18
6 19 18
6 20 11
6 22 20
6 26 13
6 30 6
6 34 18
6 35 13
6 37 15
6 42 13
6 49 4
6 51 5
6 54 2
7 6 17
7 9 11
7 12 13
7 17 7
7 19 1
7 20 6
7 21 17
7 34 4
7 37 16
7 39 17
7 47 13
7 51 17
7 54 4
8 2 18
8 6 13
8 8 16
8 11 12
8 14 12
8 15 13
8 17 9
8 19 2
8 22 4
8 27 1
8 28 8
8 29 13
8 30 6
8 33 14
8 38 17
8 41 9
8 51 10
8 52 19
8 54 6
9 2 13
9 9 3
9 16 4
9 22 13
9 24 8
9 26 20
9 27 16
9 29 15
9 32 8
9 33 20
9 35 4
9 36 3
9 40 17
9 43 16
9 46 18
10 12 8
10 17 8
10 21 2
10 22 9
10 23 1
10 26 18
10 27 1
10 28 20
10 33 10
10 34 6
10 36 5
10 42 7
10 45 7
11 10 15
11 12 17
11 14 4
11 15 19
11 27 11
11 30 7
11 32 11
11 36 11
11 37 18
11 39 19
11 40 5
11 42 6
11 46 18
11 47 8
11 52 8
12 6 7
12 8 16
12 15 18
12 16 14
12 18 15
12 21 19
12 23 2
12 29 15
12 30 8
12 36 3
12 41 7
12 43 18
12 44 20
12 51 11
12 53 16
13 5 6
13 9 5
13 20 4
13 23 9
13 27 3
13 28 14
13 29 7
13 31 6
13 37 16
13 38 5
13 40 4
14 2 1
14 3 10
14 4 13
14 8 20
14 11 9
14 18 19
14 19 7
14 21 6
14 23 13
14 25 1
14 30 17
14 34 6
14 40 8
14 42 16
14 44 20
14 51 14
14 52 5
15 2 20
15 4 4
15 6 12
15 7 17
15 10 9
15 12 15
15 14 18
15 15 3
15 16 1
15 24 4
15 28 20
15 29 8
15 42 8
15 44 3
15 45 8
15 47 9
15 49 16
15 52 20
16 4 10
16 5 6
16 10 6
16 27 7
16 29 18
16 30 19
16 37 15
16 38 16
16 39 6
16 42 11
16 43 7
16 47 11
16 51 15
16 52 18
16 53 14
16 54 7
17 2 15
17 9 14
17 11 13
17 12 12
17 15 9
17 16 5
17 22 15
17 25 8
17 26 13
17 30 15
17 34 11
17 41 12
17 49 3
17 50 18
17 51 3
18 4 12
18 5 3
18 6 1
18 10 19
18 13 13
18 22 19
18 25 13
18 26 20
18 27 16
18 28 15
18 40 6
18 46 6
18 47 2
18 51 4
19 3 11
19 8 8
19 9 10
19 11 5
19 12 12
19 13 1
19 16 13
19 17 9
19 26 7
19 30 20
19 31 13
19 32 1
19 35 2
19 36 4
19 38 16
19 39 19
19 43 19
19 45 19
19 49 14
20 1 19
20 2 9
20 18 6
20 21 9
20 23 2
20 28 5
20 32 4
20 33 8
20 35 2
20 38 1
20 39 9
20 40 5
20 41 11
20 44 8
20 45 14
20 47 15
20 51 12
21 1 6
21 6 19
21 10 20
21 15 13
21 19 11
21 20 12
21 21 5
21 25 12
21 26 7
21 34 20
21 35 3
21 36 5
21 38 19
21 42 16
21 47 3
21 49 7
21 51 13
22 3 3
22 5 20
22 7 9
22 17 6
22 20 8
22 23 2
22 24 18
22 28 8
22 29 7
22 30 1
22 34 16
22 35 12
22 36 15
22 37 7
22 39 10
22 46 6
22 49 18
22 50 2
22 53 16
23 1 9
23 8 18
23 10 19
23 16 7
23 18 18
23 19 1
23 21 12
23 23 8
23 27 8
23 29 6
23 32 6
23 33 12
23 38 9
23 41 6
23 45 12
23 46 6
23 49 5
24 20 14
24 24 16
24 29 12
24 31 12
24 33 16
24 35 19
24 39 3
24 41 2
24 42 5
24 44 4
24 45 7
24 49 2
24 50 17
24 54 14
25 5 2
25 10 15
25 11 13
25 20 9
25 22 4
25 23 13
25 31 12
25 32 11
25 34 13
25 37 9
25 42 16
25 51 4
26 10 17
26 12 13
26 13 16
26 14 15
26 15 17
26 16 9
26 34 10
26 45 1
26 51 20
26 52 17
26 54 19
27 2 14
27 4 18
27 6 16
27 7 10
27 9 17
27 11 9
27 12 6
27 14 10
27 15 3
27 16 20
27 20 2
27 21 3
27 23 3
27 24 7
27 38 14
27 39 13
27 43 19
27 44 2
27 50 1
27 51 2
27 54 11
28 5 13
28 7 9
28 10 17
28 13 2
28 18 17
28 20 18
28 23 2
28 30 8
28 32 14
28 34 12
28 38 14
28 46 11
28 47 19
28 52 3
29 2 7
29 3 20
29 7 8
29 9 17
29 11 2
29 15 20
29 18 10
29 23 4
29 24 2
29 30 16
29 33 17
29 37 7
29 43 14
29 44 10
29 48 7
29 52 8
29 54 20
30 1 11
30 5 16
30 6 8
30 9 12
30 11 13
30 13 5
30 16 13
30 17 12
30 18 18
30 19 17
30 26 5
30 27 1
30 30 15
30 36 19
30 37 7
30 42 6
30 43 7
30 46 15
30 48 7
30 49 6
31 5 5
31 7 10
31 13 19
31 14 12
31 17 18
31 27 5
31 30 6
31 32 20
31 34 3
31 43 13
31 45 11
31 48 14
31 49 20
32 1 19
32 2 17
32 4 12
32 12 3
32 16 2
32 29 16
32 30 1
32 31 18
32 36 12
32 37 1
32 47 4
32 50 11
32 51 19
32 53 10
33 1 9
33 8 6
33 10 8
33 11 6
33 15 2
33 16 10
33 21 4
33 24 13
33 42 7
33 43 1
33 50 10
33 52 18
33 53 15
34 5 2
34 7 9
34 10 20
34 15 14
34 18 7
34 19 17
34 22 5
34 24 1
34 26 18
34 28 12
34 31 13
34 34 7
34 44 4
34 51 5
35 1 10
35 3 6
35 4 4
35 5 11
35 13 14
35 17 9
35 19 19
35 21 19
35 25 10
35 27 20
35 28 14
35 33 14
35 34 18
35 38 6
35 42 4
35 45 16
35 46 1
35 48 17
35 49 4
35 50 20
36 1 10
36 9 2
36 11 16
36 12 7
36 14 14
36 15 5
36 17 18
36 21 7
36 26 11
36 31 13
36 35 11
36 36 13
36 38 18
36 41 6
36 43 15
36 44 11
36 45 6
36 52 5
36 54 1
37 1 7
37 7 4
37 15 15
37 16 1
37 18 2
37 19 12
37 20 4
37 21 17
37 24 12
37 25 20
37 38 12
37 40 4
37 44 2
37 46 5
37 47 19
37 51 8
37 52 18
38 7 16
38 8 5
38 9 16
38 14 6
38 20 18
38 24 7
38 25 10
38 28 7
38 30 4
38 32 5
38 33 18
38 40 10
38 53 9
39 2 10
39 3 16
39 8 13
39 19 16
39 21 16
39 22 14
39 23 8
39 24 11
39 30 2
39 34 19
39 36 3
39 37 5
39 39 2
39 44 4
39 48 1
39 50 13
39 53 11
40 3 10
40 4 8
40 9 7
40 15 6
40 17 5
40 18 16
40 33 4
40 39 15
40 42 3
40 43 7
40 45 19
40 48 12
41 1 8
41 7 7
41 11 1
41 16 4
41 17 11
41 20 9
41 23 11
41 30 16
41 33 16
41 35 14
41 45 9
41 48 6
41 51 16
41 54 13
42 6 20
42 11 19
42 14 13
42 19 12
42 20 1
42 24 3
42 25 11
42 36 19
42 38 20
42 43 15
42 44 15
42 54 3
43 2 1
43 3 9
43 8 1
43 9 11
43 10 12
43 15 9
43 18 10
43 22 4
43 23 4
43 33 20
43 37 12
43 46 14
43 47 8
43 50 7
43 51 7
43 53 16
44 2 5
44 7 14
44 9 1
44 15 4
44 16 12
44 17 13
44 20 15
44 24 4
44 27 7
44 29 17
44 32 15
44 38 18
44 39 3
44 44 9
44 45 12
44 46 4
44 49 9
44 50 13
44 52 14
44 53 20
44 54 13
45 2 3
45 4 3
45 5 16
45 16 15
45 21 15
45 30 9
45 31 2
45 32 13
45 36 8
45 41 17
45 51 17
45 53 1
46 1 17
46 3 12
46 8 5
46 10 2
46 11 6
46 12 20
46 14 20
46 16 14
46 17 14
46 21 10
46 28 17
46 31 14
46 40 1
46 42 12
46 48 2
47 4 13
47 5 17
47 10 13
47 12 17
47 18 20
47 26 16
47 27 12
47 28 6
47 30 2
47 33 13
47 37 7
47 39 6
47 46 20
47 47 15
47 49 15
47 52 12
48 1 4
48 3 6
48 4 16
48 5 17
48 7 4
48 8 16
48 11 8
48 12 17
48 15 1
48 16 17
48 18 5
48 25 15
48 27 18
48 32 16
48 35 16
48 41 2
48 42 5
48 44 1
48 47 19
48 48 4
48 52 16
48 54 2
49 6 1
49 9 9
49 11 14
49 13 7
49 15 6
49 18 13
49 21 13
49 23 12
49 31 17
49 32 16
49 35 18
49 43 12
49 45 4
49 46 13
49 47 19
49 49 12
49 51 1
49 54 20
50 4 8
50 6 6
50 7 14
50 9 17
50 12 13
50 16 1
50 18 11
50 20 17
50 22 1
50 24 9
50 31 12
50 32 8
50 37 10
50 50 12
50 52 8
51 2 16
51 7 10
51 12 6
51 13 20
51 24 3
51 27 17
51 28 16
51 33 10
51 36 6
51 38 20
52 9 14
52 13 18
52 15 18
52 21 17
52 22 11
52 25 9
52 28 4
52 34 16
52 49 14
52 51 13
53 1 20
53 2 7
53 4 3
53 9 9
53 13 19
53 15 3
53 21 12
53 24 7
53 25 4
53 27 16
53 31 6
53 36 19
53 40 17
53 48 3
53 50 19
53 54 11
54 3 20
54 4 6
54 11 1
54 17 17
54 19 5
54 34 6
54 38 15
54 42 15
54 43 2
54 46 17
54 47 15
54 48 17
54 50 4
54 51 9