356 3252
1 14 9
1 48 6
1 49 2
1 95 21
1 154 23
1 192 20
1 220 7
1 226 12
1 232 18
1 264 10
1 317 6
1 336 4
2 44 12
2 55 22
2 80 17
2 94 22
2 106 5
2 117 12
2 132 8
2 201 10
2 219 6
2 226 21
2 262 18
2 309 11
3 15 6
3 68 11
3 93 8
3 123 3
3 185 14
3 205 13
3 303 18
3 335 17
4 58 18
4 131 13
4 151 14
4 160 12
4 187 9
4 209 14
4 210 23
4 296 20
4 327 17
5 21 22
5 102 17
5 165 6
5 231 20
5 252 11
5 261 4
5 274 19
5 348 16
6 11 5
6 19 22
6 21 15
6 67 2
6 81 16
6 134 2
6 152 2
6 186 4
6 200 9
6 209 4
6 214 11
6 239 16
6 240 15
6 262 4
6 270 4
6 320 4
6 354 12
7 2 15
7 77 6
7 81 2
7 114 8
7 115 20
7 135 19
7 171 7
7 184 13
7 232 18
8 29 20
8 53 17
8 149 15
8 175 15
8 222 9
8 229 20
8 249 13
8 275 23
8 323 15
8 351 23
9 33 1
9 34 16
9 58 3
9 90 4
9 109 20
9 113 7
9 134 13
9 188 11
9 301 11
9 342 16
10 58 9
10 95 16
10 96 2
10 123 8
10 196 17
10 280 9
10 297 4
10 325 6
10 332 9
11 33 11
11 62 17
11 85 23
11 151 4
11 178 9
11 309 14
11 328 13
11 348 5
12 10 21
12 96 6
12 110 19
12 136 20
12 184 7
12 195 6
12 267 16
12 273 4
12 327 2
12 334 22
13 70 16
13 94 6
13 146 3
13 162 8
13 301 8
13 349 18
14 41 3
14 95 16
14 107 6
14 206 6
14 249 19
15 104 11
15 111 14
15 214 6
15 240 22
15 267 13
16 8 10
16 35 7
16 123 21
16 177 16
16 186 5
16 190 12
16 215 21
16 223 17
16 239 8
16 243 21
16 275 22
16 282 17
16 289 18
16 324 17
17 2 15
17 36 10
17 55 17
17 95 18
17 112 12
17 136 1
17 138 6
17 211 14
17 231 16
17 267 11
17 348 19
18 32 12
18 98 16
18 143 4
18 172 11
18 183 14
18 258 10
18 306 14
18 334 20
18 339 7
19 68 6
19 86 1
19 115 12
19 201 21
19 206 17
19 318 19
20 83 18
20 93 10
20 222 6
20 271 13
20 318 3
21 63 21
21 74 16
21 105 19
21 207 9
21 249 4
21 276 14
21 331 14
21 355 12
22 64 6
22 90 19
22 112 1
22 194 11
22 209 11
22 301 4
22 332 22
23 7 1
23 11 14
23 64 12
23 71 14
23 84 14
23 100 12
23 120 8
23 205 3
23 265 9
23 320 18
23 352 15
24 205 20
24 297 4
24 299 21
24 308 3
24 321 1
24 349 12
25 74 19
25 87 13
25 155 14
25 283 16
25 338 3
26 43 21
26 49 4
26 52 9
26 147 16
26 161 5
26 177 13
26 279 3
26 301 2
27 6 11
27 44 20
27 56 9
27 141 17
27 217 10
27 278 17
27 300 22
28 13 11
28 34 19
28 50 1
28 119 6
28 145 4
28 162 20
28 176 3
28 231 18
28 256 17
28 280 3
28 355 6
29 15 6
29 22 16
29 53 13
29 56 21
29 69 12
29 108 11
29 132 19
29 135 14
29 156 3
29 247 17
29 331 4
30 12 23
30 24 12
30 76 8
30 98 19
30 106 21
30 164 1
30 241 23
30 290 14
31 19 16
31 26 10
31 72 3
31 135 16
31 165 9
31 215 6
31 312 13
31 316 12
32 4 18
32 56 23
32 148 14
32 180 23
32 248 5
32 252 23
32 253 13
32 259 19
32 301 6
33 6 23
33 16 14
33 34 19
33 109 19
33 133 1
33 154 22
33 173 18
33 261 13
33 279 7
33 315 14
33 321 10
34 4 1
34 36 7
34 42 17
34 52 17
34 117 16
34 118 19
34 198 9
34 220 2
34 284 18
34 302 15
34 305 7
35 7 12
35 17 14
35 39 14
35 52 6
35 78 12
35 209 14
35 229 12
35 333 8
36 26 13
36 35 5
36 51 15
36 55 8
36 119 23
36 146 16
36 155 1
36 205 12
36 244 5
36 269 7
36 331 19
37 133 8
37 203 7
37 206 2
37 231 18
37 335 17
37 342 11
38 8 7
38 147 3
38 215 6
38 356 18
39 7 11
39 29 12
39 44 7
39 52 19
39 54 3
39 148 6
39 171 7
39 225 10
39 327 17
40 10 14
40 51 22
40 99 15
40 160 6
40 191 6
40 233 8
40 247 15
40 309 6
41 3 19
41 162 13
41 175 6
41 187 14
41 216 20
41 233 7
41 239 15
41 248 8
41 269 23
41 330 3
41 335 14
42 182 19
42 290 2
42 320 8
42 351 1
43 134 14
43 225 8
43 240 19
43 287 16
44 59 7
44 66 19
44 92 2
44 95 23
44 106 4
44 196 17
44 199 8
44 242 9
44 259 16
44 305 16
44 316 17
44 340 16
44 344 11
45 3 6
45 58 21
45 83 19
45 100 19
45 126 4
45 161 10
45 195 3
45 209 21
45 223 6
45 261 10
45 314 10
46 43 8
46 79 11
46 148 4
46 151 15
46 161 19
46 191 22
46 220 7
46 295 2
46 315 18
46 347 2
47 2 19
47 57 15
47 101 12
47 140 20
47 147 23
47 187 4
47 218 12
47 235 10
47 258 19
47 298 17
47 305 15
47 346 17
47 347 12
48 4 10
48 46 14
48 125 15
48 192 6
48 251 5
48 258 15
48 343 9
49 13 9
49 16 22
49 69 19
49 84 12
49 131 13
49 188 8
49 196 5
49 224 13
49 228 4
49 230 16
49 260 8
49 291 16
49 303 7
50 169 19
50 264 12
50 287 23
50 297 16
50 307 18
50 311 9
50 340 12
51 106 11
51 130 17
51 132 22
51 134 16
51 173 20
51 178 6
51 223 7
51 246 2
51 249 5
51 267 21
51 296 10
51 309 13
51 356 13
52 54 22
52 62 18
52 92 19
52 127 7
52 129 22
52 175 2
52 199 10
52 232 14
52 314 9
53 11 2
53 28 14
53 109 21
53 131 7
53 142 13
53 232 14
53 258 1
53 261 15
53 299 2
53 303 5
54 116 8
54 257 17
54 276 20
54 277 4
54 331 22
55 122 4
55 133 22
55 143 3
55 162 18
55 173 8
55 187 9
55 251 8
55 299 1
55 322 4
55 354 20
56 59 7
56 163 2
56 175 22
56 196 10
56 216 10
56 229 7
56 232 11
56 254 23
56 283 5
56 319 11
57 3 7
57 90 12
57 93 12
57 229 21
57 258 13
57 344 10
57 346 6
58 4 23
58 73 7
58 126 3
58 161 21
58 180 4
58 203 2
58 275 1
58 322 15
59 4 3
59 15 3
59 29 22
59 45 3
59 85 6
59 93 13
59 141 9
59 147 2
59 155 11
59 160 12
59 179 11
59 213 17
59 217 16
59 238 4
59 261 15
60 54 4
60 74 4
60 127 20
60 150 9
60 161 19
60 182 3
60 196 18
60 249 18
60 352 2
61 85 18
61 95 20
61 152 23
61 170 21
61 193 21
61 241 17
61 354 13
62 22 18
62 73 19
62 133 5
62 135 20
62 136 19
62 208 17
62 261 23
63 153 20
63 162 4
63 163 11
63 183 1
63 346 15
64 67 21
64 71 21
64 96 23
64 118 1
64 125 2
64 218 20
64 221 9
64 261 20
65 13 16
65 17 20
65 109 8
65 123 18
65 197 15
65 201 4
65 214 11
65 307 6
65 309 19
65 334 4
65 343 18
66 1 13
66 64 16
66 105 17
66 132 3
66 167 5
66 287 4
67 239 19
67 240 1
67 312 2
68 3 1
68 66 1
68 80 16
68 130 21
69 46 16
69 49 9
69 79 15
69 166 17
69 172 22
69 269 23
69 352 7
70 148 15
70 158 13
70 197 14
70 296 3
71 25 4
71 28 11
71 67 13
71 69 10
71 81 23
71 100 10
71 117 21
71 188 6
71 274 19
71 275 8
71 284 9
72 32 1
72 77 12
72 90 21
72 168 1
72 176 13
72 209 15
72 235 19
72 248 22
72 251 6
72 253 11
72 284 1
72 345 20
73 11 21
73 15 23
73 21 13
73 88 21
73 102 8
73 173 3
73 177 5
73 204 4
73 206 23
73 355 15
74 20 16
74 69 3
74 79 15
74 154 19
74 156 1
74 187 14
74 203 14
74 257 2
74 327 16
75 4 14
75 29 13
75 43 14
75 341 9
76 68 19
76 81 22
76 101 4
76 114 17
76 162 5
76 219 8
76 234 18
77 19 18
77 37 22
77 38 11
77 146 2
77 204 19
77 264 12
77 302 21
77 324 23
77 345 15
77 352 20
78 36 8
78 64 1
78 121 23
78 167 16
78 183 19
78 225 17
78 241 7
79 28 9
79 40 18
79 93 22
79 96 17
79 159 8
79 212 6
79 219 2
79 259 20
79 264 22
79 269 22
79 325 14
79 331 20
79 341 6
80 1 2
80 97 14
80 158 21
80 183 6
80 232 9
80 233 16
80 276 17
80 317 6
80 328 9
81 11 2
81 23 3
81 120 10
81 125 2
81 182 19
81 183 20
81 238 20
81 244 12
81 263 20
81 274 22
81 327 6
82 6 12
82 21 15
82 38 7
82 67 18
82 169 16
82 173 21
82 212 10
82 247 8
82 254 11
82 262 6
82 292 7
82 312 6
82 318 13
83 10 4
83 49 11
83 66 22
83 72 19
83 88 21
83 111 4
83 122 21
83 127 22
83 161 23
83 198 8
83 213 17
83 227 18
83 230 21
83 244 13
83 311 6
83 315 17
83 328 11
83 335 6
83 342 5
84 2 20
84 13 6
84 26 16
84 65 6
84 74 3
84 142 2
84 183 14
84 303 7
84 353 7
85 6 20
85 48 6
85 50 20
85 92 1
85 99 16
85 114 18
85 163 13
85 169 7
85 170 15
85 220 5
85 226 5
85 330 15
85 351 6
86 6 15
86 81 9
86 195 3
86 205 4
86 215 9
86 262 19
86 290 9
86 330 14
87 98 17
87 157 22
87 249 13
87 269 10
88 20 4
88 27 10
88 94 11
88 107 17
88 210 10
88 222 18
88 258 8
88 294 16
88 306 8
88 345 2
89 8 2
89 15 2
89 48 8
89 156 9
89 261 16
90 118 12
90 251 7
90 287 1
90 308 17
90 312 22
90 323 10
91 68 19
91 72 19
91 110 18
91 122 8
91 148 4
91 155 2
91 171 2
91 211 2
91 264 8
91 333 11
91 343 23
92 11 17
92 22 15
92 41 16
92 228 4
92 233 9
92 262 17
92 301 13
92 314 10
93 22 18
93 48 14
93 203 11
93 210 3
93 341 22
94 20 21
94 28 14
94 108 6
94 234 21
94 273 2
94 291 21
94 334 1
95 56 14
95 67 16
95 88 18
95 102 16
95 167 20
95 189 13
95 199 17
95 244 15
95 260 21
95 340 21
96 67 14
96 169 8
96 262 6
96 307 1
97 37 5
97 58 9
97 102 17
97 110 17
97 210 18
97 321 6
97 347 8
98 69 6
98 84 2
98 125 23
98 191 20
98 213 15
98 225 22
98 284 11
98 294 10
98 331 19
99 95 12
99 128 1
99 156 12
99 157 23
99 211 16
99 256 2
99 268 13
99 269 3
99 291 16
100 159 10
100 161 17
100 206 1
100 232 11
100 238 22
100 255 18
100 297 16
100 313 7
100 327 5
100 330 9
101 46 2
101 53 10
101 115 10
101 133 1
101 141 11
102 30 10
102 146 14
102 268 20
103 7 8
103 21 1
103 191 6
103 195 21
103 228 12
103 242 23
103 256 9
103 302 6
103 322 15
103 349 10
104 120 18
104 293 11
105 78 19
105 118 21
105 122 4
105 199 19
105 234 8
105 244 20
105 328 13
105 330 17
106 3 3
106 18 18
106 68 3
106 72 4
106 101 21
106 135 6
106 243 21
106 279 9
106 336 9
107 26 11
107 89 22
107 179 11
107 186 6
107 212 4
107 250 8
107 259 17
107 272 21
107 281 16
107 336 16
108 42 6
108 63 19
108 99 10
108 142 17
108 182 14
108 326 1
109 72 14
109 88 4
109 110 9
109 121 10
109 178 16
109 223 2
109 243 13
109 247 4
109 297 21
109 332 10
109 333 19
110 3 21
110 11 8
110 14 21
110 45 6
110 76 12
110 122 19
110 128 16
110 130 17
110 223 16
110 237 17
110 309 5
110 326 13
110 345 9
110 353 20
111 71 19
111 117 4
111 119 1
111 135 12
111 140 12
111 238 1
111 241 2
111 247 15
111 298 9
112 51 12
112 67 1
112 69 5
112 94 18
112 133 22
112 147 19
112 150 4
112 168 17
112 231 10
112 283 5
112 292 14
112 353 16
113 11 17
113 47 9
113 55 2
113 85 4
113 93 1
113 112 19
113 121 8
113 179 14
113 182 21
113 197 22
113 238 3
113 245 19
113 249 22
113 268 14
113 278 1
113 299 22
113 312 9
114 33 15
114 101 2
114 113 14
114 213 15
114 220 23
114 258 8
114 281 7
114 299 12
115 63 6
115 82 23
115 116 22
115 153 10
115 159 7
115 163 14
115 167 20
115 265 15
115 270 9
115 332 1
115 333 10
116 69 21
116 70 8
116 92 17
116 113 13
116 129 23
116 160 19
116 218 2
116 234 21
116 248 3
116 340 2
116 350 20
116 351 5
117 15 16
117 40 15
117 58 19
117 69 1
117 103 14
117 133 3
117 215 8
117 219 2
117 252 8
118 161 1
118 169 23
118 238 12
118 253 8
118 268 7
118 314 8
118 335 22
118 338 10
119 11 2
119 15 2
119 58 7
119 331 4
120 14 12
120 61 19
120 71 3
120 73 1
120 81 20
120 106 1
120 109 3
120 114 21
120 151 14
120 218 8
120 296 7
120 305 5
120 312 20
120 343 8
120 344 12
121 43 16
121 63 9
121 133 13
121 161 18
121 169 9
121 181 7
121 186 6
121 314 16
121 328 7
121 329 7
121 341 9
122 100 16
122 118 9
122 158 10
122 200 23
122 221 12
122 229 16
122 235 12
122 251 14
122 271 16
122 311 3
122 353 14
123 45 19
123 99 17
123 236 21
123 307 20
124 8 1
124 28 2
124 45 10
124 48 2
124 55 13
124 96 2
124 112 10
124 126 20
124 133 19
124 199 18
124 212 20
124 250 18
124 253 5
124 320 3
124 333 2
125 27 13
125 93 19
125 153 10
125 161 16
125 177 12
125 233 21
125 295 8
126 62 23
126 69 11
126 247 18
126 257 19
126 316 19
127 3 13
127 22 13
127 44 16
127 57 3
127 71 7
127 84 12
127 133 12
127 164 8
127 236 18
127 287 7
127 330 11
128 1 8
128 102 3
128 103 5
128 107 4
128 118 20
128 124 3
128 144 1
128 161 15
128 168 15
128 192 19
128 262 1
128 331 2
129 116 1
129 141 15
129 193 3
129 243 17
129 257 20
129 321 20
129 326 13
129 347 15
130 67 3
130 147 2
130 196 1
130 231 5
130 238 8
131 19 6
131 149 10
131 194 9
131 245 1
131 283 11
131 322 19
132 20 8
132 37 13
132 51 17
132 144 6
132 254 3
132 283 20
132 333 6
132 355 18
133 24 5
133 185 18
133 196 12
133 199 23
133 251 18
133 262 4
133 267 3
133 310 11
134 21 23
134 98 22
134 166 23
134 169 8
134 177 2
134 180 18
134 187 2
134 234 23
134 319 19
134 320 8
134 354 4
135 21 21
135 36 2
135 55 14
135 83 16
135 186 3
135 255 20
135 300 4
136 66 8
136 94 22
136 100 23
136 125 7
136 137 10
136 172 21
136 252 1
136 268 22
136 300 21
136 312 18
136 333 2
137 2 23
137 120 6
137 177 18
137 185 15
137 223 22
137 259 2
137 261 10
138 105 11
138 119 20
138 165 10
138 212 6
138 213 4
138 224 13
138 240 4
138 258 22
138 286 20
138 296 13
139 51 2
139 68 16
139 93 16
139 104 3
139 117 8
139 119 9
139 215 10
139 232 18
139 241 1
139 265 10
139 268 10
139 344 21
140 13 22
140 14 5
140 20 14
140 46 21
140 48 22
140 61 22
140 81 19
140 89 17
140 115 9
140 133 6
140 263 13
140 309 18
140 312 6
140 316 11
141 9 1
141 17 3
141 29 9
141 76 14
141 90 9
141 95 4
141 132 6
141 142 2
141 163 7
141 176 7
141 224 4
141 239 10
141 254 1
141 264 4
141 295 19
142 1 4
142 87 18
142 131 17
142 174 8
142 175 2
142 204 14
142 253 23
142 311 1
143 110 4
143 158 16
143 188 3
143 199 3
143 214 23
143 226 20
143 231 2
143 309 4
143 341 14
144 78 21
144 118 6
144 146 21
144 158 7
144 263 10
144 266 3
144 288 2
145 90 10
145 107 3
145 289 22
145 332 19
145 335 4
146 72 3
146 88 8
146 89 7
146 181 14
146 268 19
146 276 9
146 296 16
146 307 9
146 316 8
146 331 10
147 98 6
147 146 18
147 154 12
147 206 9
147 226 17
147 256 2
147 277 10
147 282 14
147 327 9
148 5 8
148 16 19
148 29 6
148 57 8
148 63 22
148 76 2
148 116 9
148 173 2
148 185 4
148 214 7
148 238 20
148 283 1
148 300 3
148 321 22
148 329 2
148 344 11
148 353 17
149 193 10
149 203 20
149 205 2
149 309 11
149 322 6
149 336 2
150 119 5
150 153 11
150 171 10
150 271 15
150 293 12
150 302 13
151 40 5
151 124 14
151 150 14
151 152 18
151 161 13
151 188 21
151 262 10
151 354 14
152 44 23
152 131 12
152 166 11
152 234 1
152 280 2
152 328 6
153 5 20
153 30 23
153 94 7
153 128 7
153 142 16
153 156 10
153 180 3
153 202 12
153 231 20
153 290 2
153 305 13
154 33 19
154 72 12
154 98 22
154 183 4
154 191 17
154 285 5
154 287 3
154 310 7
154 351 13
155 30 20
155 63 19
155 70 4
155 118 23
155 146 3
155 183 4
155 218 11
155 257 8
155 262 21
155 330 13
155 353 13
156 68 17
156 88 12
156 111 13
156 196 18
156 199 22
156 255 22
156 301 20
156 311 10
156 326 12
157 82 22
157 95 22
157 126 1
157 216 10
157 226 14
157 236 5
157 351 21
158 53 18
158 74 7
158 81 4
158 142 7
158 163 20
158 165 17
158 176 11
158 258 19
158 268 13
158 286 8
158 295 1
158 353 14
158 356 22
159 14 13
159 39 3
159 80 15
159 140 18
159 178 15
159 207 9
159 229 16
159 233 7
159 316 23
159 335 2
160 34 19
160 49 21
160 50 17
160 58 13
160 65 1
160 101 7
160 112 17
160 182 21
160 208 19
160 247 17
160 269 19
160 295 2
161 32 7
161 40 6
161 121 6
161 157 20
161 191 18
161 202 7
161 209 20
161 223 9
161 239 5
161 260 3
161 347 5
162 26 14
162 46 14
162 63 14
162 125 22
162 130 7
162 143 20
162 146 15
162 193 2
162 203 9
162 206 12
162 350 19
163 98 22
163 125 7
163 128 19
163 133 15
163 182 4
163 204 14
163 312 3
164 43 16
164 74 10
164 135 9
164 148 21
164 152 9
164 195 5
164 206 10
164 221 16
164 251 1
164 257 12
165 27 14
165 54 20
165 59 16
165 112 4
165 171 11
165 184 23
165 287 20
165 305 11
165 318 20
165 340 11
166 58 12
166 148 5
166 159 23
166 172 1
166 213 3
166 269 6
166 349 14
166 355 12
167 5 3
167 184 4
167 205 14
167 217 19
167 260 7
167 311 22
167 340 10
168 113 16
168 190 21
168 205 19
168 304 2
168 343 15
169 87 1
169 124 15
169 135 12
169 181 11
169 334 19
169 341 22
169 348 10
170 20 15
170 31 3
170 50 6
170 102 19
170 130 14
170 237 5
170 245 18
170 314 9
170 321 7
171 26 17
171 79 22
172 24 12
172 29 14
172 31 19
172 40 2
172 109 3
172 138 3
172 175 18
172 349 12
173 20 12
173 26 15
173 31 2
173 90 7
173 111 23
173 113 19
173 162 15
173 190 11
173 238 6
173 256 4
173 295 3
173 298 10
173 322 12
174 6 5
174 10 9
174 18 8
174 29 13
174 67 13
174 82 2
174 91 21
174 108 14
174 158 13
174 167 13
174 175 2
174 296 3
174 328 2
175 8 21
175 88 22
175 118 4
175 132 15
175 151 10
175 193 9
175 284 23
175 299 5
176 43 15
176 80 22
176 153 1
176 247 1
176 305 4
176 337 23
176 350 4
177 52 23
177 56 9
177 75 16
177 99 5
177 109 18
177 132 23
177 137 11
177 196 1
177 213 18
178 18 2
178 44 14
178 59 7
178 101 14
178 108 10
178 130 3
178 155 15
178 219 7
178 249 1
178 305 13
178 342 15
179 38 5
179 128 15
179 177 8
179 183 3
179 185 1
179 243 23
179 273 20
179 314 1
179 337 3
179 338 14
180 26 4
180 72 3
180 187 22
180 203 19
180 247 1
180 288 10
180 339 12
180 347 11
181 13 5
181 107 7
181 110 12
181 144 12
181 162 7
181 206 19
181 233 21
181 259 10
181 260 4
181 274 21
181 305 4
181 309 16
182 18 12
182 22 2
182 48 2
182 71 13
182 126 22
182 222 2
182 225 13
182 280 18
182 313 19
183 33 15
183 95 2
183 129 22
183 140 11
183 155 1
183 158 12
183 218 11
183 256 4
183 310 23
183 327 15
184 12 8
184 27 23
184 84 3
184 100 20
184 112 7
184 121 15
184 167 11
184 176 10
184 185 19
184 247 9
184 271 7
184 328 5
184 330 14
185 43 9
185 91 6
185 110 4
185 142 1
185 190 1
185 200 16
186 105 12
186 116 19
186 121 1
186 131 14
186 172 12
186 289 12
186 332 8
187 89 23
187 130 16
187 167 5
187 255 16
187 267 8
187 321 7
187 345 16
188 41 4
188 48 20
188 80 16
188 82 19
188 84 7
188 98 2
188 99 14
188 134 15
188 211 8
188 243 18
188 295 23
188 317 10
188 331 18
188 333 3
189 40 4
189 61 18
189 156 12
189 224 16
189 304 14
189 341 12
190 33 6
190 79 2
190 99 17
190 107 7
190 138 18
190 150 10
190 251 11
190 255 4
190 328 11
191 54 17
191 106 13
191 129 14
191 136 13
191 148 5
191 180 3
191 223 20
191 252 23
191 286 10
191 298 5
191 316 8
191 330 22
191 350 21
192 2 11
192 35 16
192 101 23
192 158 15
192 199 4
192 237 11
192 239 1
192 338 17
192 349 17
193 5 23
193 27 12
193 46 10
193 51 6
193 173 23
193 214 13
193 255 16
193 292 4
193 325 23
193 327 10
193 356 16
194 28 8
194 103 16
194 114 15
194 122 4
194 145 12
194 202 14
194 222 14
194 309 11
195 13 15
195 33 12
195 197 8
195 205 3
195 233 21
195 308 2
195 317 11
196 57 1
196 135 6
196 225 11
196 270 12
196 331 22
196 334 10
196 354 23
197 10 9
197 23 15
197 26 17
197 30 15
197 148 1
197 157 14
197 183 9
197 186 10
197 195 23
197 242 16
197 266 3
197 325 14
197 329 13
198 44 8
198 87 5
198 244 3
198 294 12
198 303 13
198 304 8
198 346 20
199 55 15
199 61 5
199 72 15
199 78 19
199 82 6
199 86 20
199 113 23
199 121 11
199 165 19
199 202 9
199 256 4
199 273 21
199 315 17
199 320 20
199 324 12
199 343 18
199 353 10
199 356 20
200 28 21
200 71 10
200 101 6
200 121 17
200 201 17
200 261 13
200 265 19
200 343 15
201 36 15
201 62 7
201 176 5
201 206 17
201 244 20
201 288 13
201 291 21
201 294 11
202 12 9
202 28 20
202 34 8
202 50 8
202 55 1
202 91 3
202 147 11
202 168 5
202 212 17
202 262 4
202 278 1
202 295 5
202 306 15
203 36 5
203 37 19
203 49 13
203 61 8
203 175 18
203 251 23
203 281 1
203 286 7
203 309 18
203 327 16
203 329 16
203 335 2
204 87 14
204 153 3
204 185 15
204 239 3
204 254 17
204 277 3
204 284 11
204 330 14
205 25 10
205 34 13
205 89 8
205 104 6
205 124 23
205 205 12
205 259 22
205 310 20
205 334 7
205 347 20
206 1 12
206 6 11
206 52 9
206 74 18
206 102 12
206 164 21
206 206 17
206 286 12
206 288 21
206 322 6
206 326 21
207 9 13
207 11 1
207 15 11
207 55 9
207 79 15
207 129 14
207 167 3
207 175 17
207 185 18
207 197 16
207 247 20
207 298 1
207 343 23
208 3 2
208 43 23
208 45 6
208 125 23
208 128 20
208 196 12
208 264 14
208 281 2
209 31 16
209 56 22
209 72 13
209 73 4
209 95 19
209 99 23
209 126 15
209 132 17
209 142 5
209 157 7
209 191 23
209 196 22
209 216 11
209 231 9
209 247 14
209 269 1
209 314 11
209 320 1
209 329 13
210 40 20
210 48 21
210 98 13
210 213 13
210 254 22
210 263 7
210 316 18
210 351 16
211 50 20
211 100 23
211 170 6
211 197 21
211 205 15
211 241 4
211 284 10
211 321 18
211 341 17
212 7 3
212 16 4
212 35 4
212 38 8
212 43 10
212 45 3
212 49 6
212 74 20
212 86 5
212 108 13
212 125 15
212 127 15
212 151 14
212 175 21
212 235 5
212 263 11
212 331 4
212 348 12
212 349 3
212 355 10
213 276 6
213 315 18
213 330 6
213 345 23
214 82 23
214 93 20
214 96 14
214 116 21
214 143 23
214 159 9
214 171 8
214 180 3
214 356 6
215 16 11
215 28 4
215 40 15
215 46 13
215 61 9
215 87 5
215 89 18
215 103 16
215 112 13
215 148 3
215 158 6
215 175 10
215 213 2
215 225 10
215 249 14
215 320 13
216 43 12
216 79 17
216 146 12
216 163 7
216 226 23
216 313 11
217 15 23
217 86 13
217 92 2
217 113 14
217 260 13
217 274 4
217 317 21
217 337 9
218 49 9
218 66 8
218 81 12
218 92 17
218 104 15
218 199 14
218 318 15
218 356 3
219 30 6
219 121 22
219 159 22
219 181 11
219 208 2
219 243 23
219 271 20
219 279 9
219 339 12
219 342 3
220 36 3
220 37 18
220 55 9
220 130 19
220 158 5
220 321 2
221 43 8
221 61 23
221 88 16
221 105 14
221 114 3
221 117 7
221 124 22
221 128 5
221 133 15
221 231 10
221 241 15
221 270 6
221 274 1
221 278 7
221 351 8
222 62 6
222 79 22
222 80 6
222 118 11
222 144 23
222 184 23
222 225 1
222 280 9
222 318 5
223 3 3
223 6 11
223 87 22
223 208 5
223 225 23
223 247 4
223 272 7
224 45 7
224 215 20
224 276 16
224 346 21
225 45 23
225 80 22
225 112 13
225 156 21
225 159 7
225 251 23
225 254 13
225 293 12
226 17 17
226 56 13
226 108 13
226 137 16
226 146 11
226 182 13
226 199 3
226 232 4
226 242 12
226 263 4
226 311 12
226 332 10
226 333 23
226 344 16
227 128 9
227 170 5
227 201 15
227 214 6
227 223 11
227 252 16
227 271 2
228 77 20
228 89 7
228 101 18
228 105 12
228 141 19
228 192 16
228 211 19
228 257 18
228 335 22
228 344 1
229 22 5
229 25 5
229 36 8
229 91 21
229 99 9
229 170 20
229 185 23
229 200 12
229 204 2
229 223 20
229 246 18
229 255 11
229 275 20
229 291 10
229 356 13
230 10 18
230 125 19
230 210 18
230 294 22
230 313 11
230 334 20
231 1 18
231 19 11
231 23 14
231 32 6
231 35 6
231 74 23
231 144 1
231 205 18
231 242 21
231 291 19
231 296 22
232 38 19
232 168 3
232 252 19
232 312 4
232 313 22
232 341 13
232 354 10
233 9 17
233 85 3
233 130 4
233 157 21
233 176 16
233 301 7
233 307 11
233 315 10
234 15 2
234 222 5
234 230 2
234 257 6
234 336 1
235 64 19
235 109 16
235 181 9
235 237 19
235 256 22
235 279 8
235 298 13
235 312 10
236 129 23
236 136 8
236 252 2
236 306 18
237 8 10
237 10 21
237 33 16
237 51 2
237 85 4
237 100 2
237 115 12
237 128 23
237 189 5
237 191 10
237 219 16
237 225 11
237 226 20
237 276 19
237 288 7
237 295 18
238 12 21
238 71 12
238 80 19
238 132 10
238 166 22
238 224 21
238 252 5
238 258 14
238 289 5
238 343 12
239 7 23
239 29 21
239 78 19
239 104 1
239 214 16
239 253 23
240 19 15
240 39 8
240 81 18
240 97 12
240 104 9
240 132 7
240 173 12
240 296 7
240 331 16
240 336 21
241 5 11
241 23 6
241 162 16
241 181 17
241 254 23
241 300 7
241 318 23
242 32 12
242 66 17
242 143 21
242 147 3
242 177 15
242 178 11
242 182 8
242 218 20
242 300 10
242 327 5
242 329 10
242 340 4
242 346 14
243 21 9
243 23 19
243 62 21
243 102 3
243 103 7
243 123 23
243 182 3
243 246 12
243 273 23
244 37 12
244 84 9
244 106 11
244 204 17
244 205 2
244 314 4
244 355 11
245 33 8
245 35 3
245 85 16
245 107 18
245 117 23
245 189 19
245 226 4
245 231 10
245 253 20
245 268 23
245 280 13
246 117 1
246 152 9
246 182 17
246 286 9
246 341 11
246 346 6
246 347 23
246 355 8
247 70 6
247 81 23
247 138 10
247 202 18
247 226 22
247 319 22
247 323 3
247 328 3
248 2 9
248 39 21
248 109 7
248 155 13
248 299 23
248 324 3
248 352 6
249 11 17
249 20 20
249 61 1
249 72 20
249 121 6
249 122 20
249 132 14
249 136 13
249 218 14
249 228 22
249 236 23
250 39 22
250 92 10
250 116 5
250 133 22
250 187 17
250 189 10
250 331 15
251 32 20
251 95 4
251 101 7
251 188 12
251 197 1
251 232 10
251 243 21
251 264 21
251 286 10
251 323 10
252 21 20
252 80 12
252 146 9
252 166 14
252 222 8
252 236 3
252 264 4
252 300 8
252 320 16
252 321 11
252 326 20
253 86 7
253 123 10
253 124 13
253 168 22
253 191 13
253 200 17
253 237 14
253 242 23
253 259 20
253 295 22
253 347 19
254 10 1
254 33 6
254 83 8
254 90 1
254 121 15
254 146 22
254 156 21
254 274 1
254 288 2
254 337 12
254 350 6
254 354 5
255 9 19
255 51 14
255 97 7
255 119 22
255 146 15
255 153 23
255 175 10
255 257 5
255 268 6
255 316 13
255 332 17
256 1 21
256 52 19
256 57 10
256 67 6
256 247 18
256 284 6
256 313 4
256 324 7
256 348 23
257 22 9
257 28 8
257 64 17
257 110 17
257 159 23
257 208 9
257 226 11
257 334 2
257 356 20
258 43 11
258 94 6
258 138 15
258 180 1
258 215 12
258 298 7
258 334 9
258 335 5
258 341 10
259 11 13
259 20 4
259 63 22
259 73 6
259 188 2
259 267 11
259 315 9
260 45 7
260 97 5
260 101 14
260 248 4
261 11 6
261 34 8
261 87 13
261 144 13
261 160 1
261 161 23
261 166 13
261 197 9
261 305 5
261 314 8
261 351 22
262 7 15
262 20 7
262 36 13
262 101 9
262 123 12
262 130 20
262 176 17
262 216 17
262 222 6
262 224 6
262 299 20
262 329 22
262 344 5
262 356 15
263 21 9
263 36 13
263 44 15
263 82 8
263 84 20
263 137 19
263 175 13
263 296 21
263 324 2
264 20 19
264 23 22
264 57 18
264 78 2
264 170 1
264 356 22
265 63 3
265 71 23
265 77 7
265 183 9
265 204 6
265 249 15
265 259 21
265 266 2
265 289 2
265 305 8
265 306 2
265 340 1
265 344 21
265 348 17
266 28 22
266 31 13
266 43 2
266 180 11
266 249 4
266 265 3
266 308 2
266 341 16
266 353 15
267 32 22
267 122 17
267 133 5
267 145 14
267 172 6
267 188 6
267 263 9
267 326 4
268 48 9
268 66 8
268 126 5
268 152 11
268 173 7
268 180 19
268 194 2
268 221 3
268 257 15
269 7 9
269 27 4
269 78 9
269 106 7
269 196 20
269 313 8
269 323 13
269 340 15
270 111 18
270 113 10
270 178 18
270 224 13
270 251 3
270 332 3
271 31 6
271 36 13
271 45 7
271 130 19
271 145 18
271 159 13
271 179 4
271 186 16
271 228 15
271 239 5
271 326 20
272 1 2
272 6 12
272 14 9
272 21 4
272 40 14
272 222 17
272 285 6
272 296 11
272 322 3
272 336 12
273 78 7
273 121 10
273 161 18
273 198 21
273 211 21
273 290 5
273 331 9
274 38 11
274 41 1
274 74 12
274 99 16
274 126 7
274 131 18
274 190 5
274 207 19
274 223 1
274 287 9
274 333 5
275 40 9
275 109 7
275 111 1
275 142 11
275 148 18
275 180 3
275 208 8
275 232 2
275 236 20
275 315 13
276 48 12
276 62 16
276 63 19
276 68 12
276 136 2
276 137 7
276 167 4
276 169 16
276 202 11
276 218 12
276 232 3
276 296 5
276 298 17
276 299 12
276 318 6
276 328 12
277 121 17
277 174 1
277 233 6
277 309 19
278 65 5
278 71 15
278 112 19
278 125 22
278 201 19
278 218 8
278 248 1
278 263 3
278 297 9
278 321 14
278 334 9
278 339 15
279 3 23
279 64 4
279 95 20
279 114 1
279 172 11
279 208 23
279 219 11
279 256 15
279 259 6
279 294 7
279 344 14
279 345 22
280 66 19
280 101 19
280 104 4
280 125 6
280 244 19
280 279 10
280 282 18
280 315 17
280 336 1
281 8 13
281 13 15
281 55 13
281 59 20
281 73 9
281 105 15
281 165 23
281 198 17
281 238 23
281 287 14
281 342 16
282 30 21
282 89 10
282 116 11
282 204 2
282 213 4
282 233 21
283 31 16
283 107 3
283 155 4
283 163 6
283 174 18
283 230 16
283 242 18
283 301 22
283 302 15
283 337 13
284 100 2
284 180 9
284 219 23
284 230 19
284 293 16
284 305 14
284 308 8
284 324 12
284 328 17
284 333 22
284 340 5
284 355 4
285 1 15
285 32 18
285 50 19
285 84 12
285 85 22
285 94 23
285 104 13
285 119 19
285 125 14
285 174 23
285 177 21
285 238 12
285 243 5
285 257 15
285 292 4
285 302 23
285 313 7
285 330 13
286 101 6
286 121 8
286 168 15
286 262 6
286 299 3
286 310 7
286 319 13
287 13 10
287 18 13
287 23 23
287 32 2
287 74 17
287 102 3
287 113 17
287 117 6
287 193 22
287 233 22
287 296 21
287 346 15
288 1 6
288 86 10
288 96 6
288 115 5
288 117 7
288 161 17
288 172 3
288 198 15
289 59 14
289 94 19
289 101 22
289 132 20
289 149 19
289 164 23
289 222 12
289 238 1
289 276 20
290 41 12
290 48 7
290 56 6
290 66 18
290 193 7
290 202 2
290 224 12
290 257 3
290 287 12
290 309 11
291 149 1
291 156 4
291 192 2
291 203 10
291 234 9
291 252 11
291 338 9
292 31 13
292 67 11
292 272 2
292 275 16
292 299 2
293 46 9
293 71 5
293 85 17
293 145 6
293 181 23
293 209 17
293 246 11
293 282 17
293 331 13
294 44 22
294 68 18
294 83 12
294 96 17
294 113 1
294 227 7
294 229 22
294 232 3
294 247 18
294 268 3
294 353 21
295 139 22
295 185 4
295 205 1
295 335 1
296 25 8
296 59 9
296 99 14
296 112 18
296 118 4
296 127 23
296 151 13
296 158 12
296 182 21
296 254 7
296 281 11
296 313 21
296 323 17
297 49 21
297 64 14
297 84 23
297 117 14
297 202 2
297 229 5
297 230 7
297 246 19
297 249 12
297 270 22
297 329 16
297 332 23
298 4 1
298 12 13
298 65 15
298 124 21
298 219 7
298 276 16
298 311 5
298 321 15
299 7 23
299 12 22
299 32 18
299 37 16
299 60 11
299 65 23
299 121 13
299 180 11
299 217 5
300 97 10
300 159 4
300 184 19
300 185 18
300 248 20
300 295 9
300 303 19
301 25 2
301 65 9
301 79 15
301 98 7
301 181 7
301 235 7
301 252 23
301 283 1
301 297 13
301 318 15
301 348 21
302 2 13
302 8 1
302 42 19
302 89 4
302 135 23
302 272 11
302 355 15
303 66 15
303 139 22
303 287 8
303 307 21
304 203 3
304 206 12
304 233 8
304 240 1
304 325 2
305 82 19
305 109 20
305 133 10
305 153 8
305 189 15
305 205 13
305 208 16
306 56 21
306 59 13
306 69 16
306 100 21
306 144 14
306 152 22
306 199 6
306 253 5
306 264 11
307 4 6
307 26 18
307 104 8
307 156 22
307 165 5
307 226 16
307 256 7
307 260 20
307 262 1
307 275 4
307 277 23
307 288 6
307 351 5
308 20 23
308 39 7
308 148 17
308 155 13
308 176 11
308 213 2
308 223 5
308 265 23
308 302 11
308 330 19
309 12 12
309 58 4
309 63 10
309 83 19
309 96 19
309 222 9
309 233 1
309 256 7
309 293 14
309 329 18
309 347 8
310 5 6
310 15 16
310 38 1
310 62 12
310 76 13
310 89 18
310 106 16
310 126 12
310 172 23
310 185 14
310 249 5
310 250 1
310 261 8
310 268 17
311 96 11
311 218 3
311 231 15
311 234 4
311 260 13
311 275 11
311 288 15
311 356 10
312 26 14
312 95 11
312 105 6
312 137 23
312 143 5
312 181 12
312 216 7
312 224 16
312 246 13
312 259 13
312 315 8
312 317 13
313 30 1
313 41 14
313 59 1
313 73 10
313 82 2
313 128 18
313 143 1
313 154 6
313 231 18
313 262 2
313 345 17
313 350 22
314 16 4
314 41 8
314 55 2
314 86 16
314 105 12
314 118 10
314 122 20
314 146 20
314 181 14
314 196 2
314 205 19
314 219 12
314 317 7
314 353 2
315 16 21
315 91 19
315 166 8
315 218 6
315 268 3
316 15 3
316 154 19
316 159 3
316 236 12
316 296 15
316 340 20
317 6 6
317 39 14
317 92 8
317 151 7
317 247 1
317 279 6
317 283 4
317 300 3
317 314 1
318 32 14
318 49 14
318 75 5
318 97 10
318 98 10
318 249 12
318 275 11
319 12 22
319 36 1
319 74 11
319 94 18
319 155 21
319 228 6
319 241 2
319 258 20
319 309 8
319 318 4
320 60 10
320 61 5
320 110 10
320 118 18
320 170 1
320 283 9
321 35 8
321 36 9
321 38 10
321 73 3
321 96 8
321 232 13
322 106 5
322 187 3
322 246 20
322 278 18
322 337 7
323 64 6
323 103 22
323 139 18
323 232 10
323 253 14
323 256 12
323 348 20
323 356 8
324 13 10
324 22 3
324 142 4
324 161 23
324 232 4
325 11 1
325 52 3
325 81 8
325 106 4
325 107 20
325 119 9
325 159 13
325 177 22
325 180 11
325 220 22
325 276 1
325 303 18
325 328 5
326 23 5
326 42 20
326 84 2
326 106 16
326 118 20
326 164 7
326 200 14
326 241 9
326 249 17
326 304 22
326 319 20
326 333 7
326 350 23
326 355 23
327 23 9
327 87 3
327 107 23
327 118 7
327 140 21
327 233 2
327 285 8
327 309 1
327 317 16
327 355 10
328 14 13
328 67 14
328 91 20
328 162 5
328 213 14
328 226 9
328 234 10
328 331 18
328 339 22
329 3 11
329 44 10
329 48 19
329 170 11
329 227 18
329 232 21
329 253 21
329 311 10
330 7 17
330 32 5
330 61 9
330 73 17
330 114 7
330 148 6
330 151 10
330 154 7
330 162 3
330 177 5
330 184 15
330 213 3
330 257 20
330 292 1
330 348 10
331 82 10
331 93 21
331 95 14
331 102 23
331 147 23
331 237 23
331 245 11
331 329 21
332 17 4
332 26 15
332 52 10
332 97 9
332 103 3
332 210 7
332 221 6
332 242 12
332 261 1
332 280 4
332 312 20
332 319 11
333 162 11
333 195 2
333 204 20
333 220 17
333 257 21
333 279 1
333 335 8
333 340 18
333 347 15
334 42 3
334 84 4
334 104 1
334 116 23
334 164 17
334 264 18
334 287 22
334 341 11
334 350 5
335 2 13
335 18 8
335 41 13
335 56 23
335 57 16
335 140 15
335 192 23
335 193 16
335 196 3
335 258 17
335 273 19
335 280 17
335 322 4
335 336 23
336 20 12
336 142 17
336 154 11
336 280 10
336 295 18
337 29 12
337 107 4
337 145 9
337 152 14
337 258 7
337 264 3
337 320 13
338 6 17
338 80 20
338 110 5
338 184 21
338 185 19
338 215 18
338 306 6
338 318 8
338 351 11
339 16 15
339 31 23
339 83 10
339 93 7
339 135 19
339 174 4
339 199 3
339 208 12
339 236 1
339 244 19
339 253 1
339 304 18
339 315 6
340 61 4
340 79 6
340 111 18
340 156 1
340 303 8
341 6 8
341 18 1
341 40 10
341 121 15
341 140 17
341 151 1
341 244 19
341 252 9
341 352 19
342 1 7
342 17 14
342 115 3
342 198 11
342 204 22
342 226 19
343 24 15
343 35 6
343 94 15
343 99 12
343 153 2
343 156 20
343 347 12
344 81 20
344 91 14
344 114 23
344 132 20
344 136 17
344 212 5
344 256 14
344 258 17
345 31 12
345 87 15
345 109 11
345 124 16
345 231 6
345 261 5
345 277 16
345 286 19
345 300 13
346 10 11
346 121 19
346 137 20
346 139 7
346 272 7
347 76 18
347 98 20
347 103 21
347 154 17
347 170 11
347 173 3
347 253 12
347 345 1
348 11 14
348 53 3
348 65 15
348 117 14
348 157 22
348 163 2
348 195 12
348 220 6
348 231 13
348 238 1
348 279 20
349 34 23
349 42 10
349 145 20
349 146 21
349 232 2
349 335 15
350 22 4
350 24 12
350 40 10
350 60 23
350 84 12
350 113 16
350 124 12
350 130 8
350 141 7
350 158 22
350 176 12
350 181 9
350 260 11
350 265 13
350 303 17
351 8 13
351 45 21
351 95 7
351 99 5
351 105 22
351 142 12
351 167 10
351 180 11
351 190 6
351 205 6
351 221 5
351 224 15
351 252 19
351 270 2
351 280 16
351 347 10
352 3 6
352 87 21
352 88 20
352 91 22
352 123 10
352 139 6
352 183 4
352 194 11
352 275 13
352 350 20
353 11 23
353 30 15
353 41 7
353 49 6
353 58 8
353 90 13
353 186 3
353 188 8
353 223 17
354 92 18
354 93 20
354 171 20
354 243 23
354 313 2
355 16 19
355 31 4
355 51 17
355 75 15
355 126 22
355 128 3
355 148 1
355 155 4
355 191 1
355 253 14
355 254 20
355 322 4
355 332 20
355 334 17
356 60 14
356 218 3
356 270 13
356 281 7
356 326 11
356 338 19
