303 8397
1 5 10
1 22 10
1 23 1
1 28 11
1 40 15
1 54 7
1 64 13
1 68 20
1 81 18
1 90 12
1 93 8
1 102 10
1 111 14
1 113 3
1 115 21
1 121 21
1 125 21
1 126 19
1 132 5
1 133 5
1 140 6
1 146 22
1 158 18
1 159 2
1 166 14
1 188 2
1 193 20
1 195 7
1 204 1
1 210 4
1 227 20
1 232 5
1 236 7
1 248 20
1 253 15
1 261 16
2 4 21
2 5 21
2 14 12
2 19 9
2 22 9
2 30 13
2 32 18
2 34 17
2 38 15
2 42 9
2 47 8
2 60 12
2 68 22
2 92 13
2 93 11
2 95 4
2 99 11
2 102 5
2 103 5
2 146 18
2 151 23
2 178 19
2 194 1
2 200 17
2 205 22
2 206 20
2 218 21
2 219 22
2 223 17
2 226 6
2 244 14
2 245 8
2 256 3
2 268 2
2 274 16
2 275 6
2 291 8
2 292 5
3 13 16
3 17 23
3 27 13
3 33 23
3 38 5
3 40 5
3 46 12
3 52 15
3 73 8
3 78 16
3 83 19
3 85 7
3 92 10
3 93 12
3 103 2
3 107 10
3 111 23
3 139 17
3 152 1
3 154 20
3 168 15
3 172 11
3 194 3
3 200 6
3 205 18
3 212 22
3 218 1
3 227 10
3 228 21
3 234 9
3 247 8
3 275 13
3 292 2
4 1 15
4 2 7
4 20 6
4 23 19
4 39 12
4 44 21
4 50 4
4 53 5
4 60 10
4 61 10
4 62 8
4 82 22
4 89 11
4 90 12
4 95 21
4 145 21
4 146 12
4 161 11
4 200 12
4 204 16
4 212 7
4 213 11
4 218 10
4 221 6
4 225 12
4 226 13
4 233 20
4 242 14
4 256 21
4 262 4
4 266 15
4 293 12
5 4 10
5 13 20
5 25 7
5 59 21
5 60 11
5 63 4
5 70 19
5 75 21
5 102 7
5 103 4
5 127 13
5 134 11
5 145 15
5 146 10
5 153 8
5 164 20
5 172 14
5 179 20
5 184 12
5 201 21
5 209 7
5 224 15
5 225 20
5 235 12
5 245 4
5 247 16
5 248 2
5 280 18
5 287 13
5 302 10
5 303 6
6 1 22
6 3 1
6 8 7
6 27 20
6 31 11
6 51 4
6 55 15
6 65 8
6 68 11
6 85 12
6 90 20
6 113 21
6 118 20
6 127 23
6 128 23
6 129 10
6 138 8
6 140 19
6 145 21
6 156 5
6 169 19
6 184 6
6 191 18
6 194 2
6 204 10
6 206 4
6 231 20
6 234 4
6 248 17
6 272 7
6 287 4
6 296 15
7 8 1
7 20 4
7 26 5
7 39 11
7 50 1
7 58 14
7 80 13
7 139 11
7 169 2
7 171 3
7 207 3
7 216 16
7 221 20
7 222 19
7 225 2
7 231 4
7 242 8
7 247 17
7 264 2
7 303 3
8 14 22
8 18 19
8 20 4
8 21 8
8 30 22
8 33 18
8 48 6
8 55 9
8 68 1
8 122 3
8 136 18
8 156 1
8 167 23
8 170 16
8 180 5
8 204 23
8 212 6
8 215 11
8 216 5
8 226 2
8 231 14
8 232 7
8 240 17
8 241 4
8 249 2
8 255 12
8 256 7
8 275 9
8 282 5
9 4 8
9 14 5
9 15 4
9 32 20
9 35 3
9 62 5
9 77 12
9 86 20
9 92 4
9 100 21
9 113 14
9 118 6
9 126 15
9 133 8
9 146 22
9 155 1
9 161 6
9 165 22
9 166 7
9 184 17
9 198 20
9 200 2
9 226 1
9 230 20
9 231 12
9 242 4
9 243 15
9 260 23
9 268 10
9 273 17
9 283 5
9 291 11
9 295 21
10 3 2
10 6 7
10 17 17
10 27 6
10 28 18
10 35 13
10 38 10
10 51 9
10 80 20
10 86 9
10 97 17
10 110 4
10 121 2
10 124 18
10 128 10
10 157 17
10 167 18
10 170 20
10 172 13
10 173 13
10 175 20
10 181 9
10 184 1
10 200 23
10 208 23
10 210 17
10 232 9
10 234 16
10 249 15
10 252 13
10 253 7
10 258 16
10 265 19
10 267 1
10 270 16
10 280 7
11 1 7
11 5 2
11 11 10
11 14 4
11 38 4
11 40 20
11 59 1
11 64 5
11 66 14
11 80 4
11 107 21
11 109 2
11 114 23
11 115 4
11 127 14
11 146 13
11 168 12
11 171 8
11 173 12
11 193 5
11 207 2
11 214 14
11 228 20
11 237 10
11 242 3
11 258 4
11 264 3
11 267 15
11 270 21
11 284 18
11 290 16
11 293 4
11 294 13
12 16 2
12 17 1
12 18 10
12 33 21
12 35 19
12 42 9
12 57 6
12 63 22
12 67 23
12 79 7
12 94 16
12 97 4
12 99 15
12 101 5
12 105 9
12 138 22
12 139 11
12 144 14
12 148 17
12 152 1
12 158 10
12 171 4
12 176 4
12 177 7
12 189 23
12 213 18
12 225 4
12 249 11
12 267 4
12 272 2
12 273 17
12 297 5
13 39 2
13 46 20
13 102 20
13 127 14
13 128 5
13 142 19
13 143 7
13 144 5
13 163 19
13 165 22
13 194 2
13 199 10
13 201 20
13 202 10
13 213 3
13 226 7
13 228 23
13 235 19
13 286 8
13 291 4
13 299 16
14 6 5
14 7 10
14 28 9
14 37 22
14 49 8
14 63 19
14 65 20
14 98 9
14 125 6
14 152 1
14 167 4
14 169 3
14 170 14
14 171 18
14 192 7
14 205 9
14 208 1
14 232 5
14 240 5
14 244 16
14 260 6
14 265 14
14 266 12
14 287 16
14 295 10
14 298 13
14 300 9
14 301 23
15 9 20
15 20 12
15 29 15
15 43 1
15 62 22
15 75 1
15 76 16
15 102 23
15 105 13
15 111 12
15 119 8
15 132 19
15 159 7
15 163 11
15 178 21
15 180 14
15 185 5
15 199 21
15 206 23
15 215 22
15 250 3
15 256 4
15 274 14
15 278 2
15 294 11
15 295 3
15 302 11
16 1 15
16 3 15
16 18 20
16 24 14
16 27 5
16 40 8
16 51 22
16 64 22
16 72 23
16 75 16
16 77 8
16 83 22
16 90 6
16 93 14
16 98 23
16 103 18
16 106 20
16 119 11
16 129 9
16 187 10
16 209 9
16 218 6
16 223 3
16 238 2
16 240 2
16 256 23
16 257 15
16 267 21
16 282 5
16 291 11
16 292 8
17 5 19
17 10 2
17 13 4
17 23 9
17 27 23
17 42 6
17 57 7
17 60 21
17 70 22
17 76 23
17 88 6
17 89 15
17 104 22
17 107 13
17 119 14
17 162 10
17 165 9
17 191 18
17 200 18
17 201 12
17 214 21
17 219 17
17 221 9
17 230 22
17 243 13
17 248 8
17 264 7
17 282 10
17 295 6
18 3 18
18 29 17
18 32 1
18 41 13
18 45 15
18 50 3
18 53 13
18 69 20
18 80 4
18 98 4
18 114 12
18 132 20
18 134 3
18 145 3
18 157 12
18 167 15
18 179 11
18 185 21
18 218 17
18 248 22
18 279 15
18 288 23
18 295 13
18 302 8
19 2 8
19 10 11
19 45 14
19 79 9
19 101 12
19 114 23
19 144 15
19 174 6
19 178 17
19 204 9
19 207 18
19 228 2
19 237 12
19 238 7
19 239 21
19 244 9
19 280 11
19 285 3
20 1 22
20 41 7
20 43 23
20 56 10
20 57 22
20 84 10
20 89 7
20 98 15
20 110 2
20 135 21
20 147 14
20 167 15
20 172 22
20 192 21
20 211 19
20 223 13
20 225 1
20 228 7
20 229 6
20 236 15
20 240 12
20 247 22
20 248 17
20 265 1
20 267 17
20 273 22
20 283 1
20 284 14
20 289 7
21 3 5
21 8 11
21 24 5
21 35 12
21 44 10
21 86 8
21 129 10
21 167 13
21 176 14
21 178 1
21 212 14
21 227 5
21 229 9
21 234 5
21 237 21
22 7 23
22 17 18
22 28 4
22 39 23
22 46 1
22 56 9
22 64 8
22 72 7
22 93 2
22 96 2
22 101 1
22 143 18
22 166 23
22 167 1
22 171 3
22 173 1
22 174 6
22 183 13
22 186 22
22 187 17
22 191 16
22 195 7
22 222 20
22 238 5
22 244 20
22 257 20
22 267 18
22 289 19
22 303 22
23 7 17
23 10 16
23 14 22
23 18 5
23 30 19
23 70 15
23 73 22
23 104 21
23 108 23
23 115 22
23 124 22
23 137 18
23 148 22
23 164 11
23 168 11
23 173 23
23 191 13
23 197 11
23 203 5
23 209 19
23 221 10
23 250 15
23 255 11
23 259 10
23 265 11
23 290 15
23 293 23
24 6 1
24 39 3
24 41 18
24 63 23
24 88 13
24 93 10
24 94 15
24 101 17
24 114 22
24 117 6
24 139 16
24 149 14
24 155 22
24 163 14
24 164 12
24 166 16
24 177 7
24 196 22
24 200 4
24 207 6
24 219 5
24 225 8
24 246 4
24 248 23
24 257 11
24 268 18
24 273 4
24 274 20
24 279 22
24 281 12
24 282 20
24 285 22
24 288 15
24 289 8
24 302 15
25 1 21
25 3 18
25 4 6
25 6 15
25 30 10
25 32 12
25 34 1
25 59 23
25 61 10
25 84 8
25 96 6
25 119 20
25 154 8
25 156 21
25 187 17
25 191 13
25 195 3
25 208 1
25 211 10
25 212 19
25 224 6
25 234 21
25 249 23
25 263 2
25 276 19
25 282 11
25 286 15
25 295 12
26 1 19
26 30 23
26 41 3
26 43 17
26 77 11
26 86 9
26 99 2
26 103 14
26 113 14
26 115 19
26 116 14
26 147 23
26 151 20
26 168 13
26 174 13
26 177 5
26 198 10
26 211 6
26 229 11
26 251 6
26 260 1
27 2 21
27 24 2
27 31 6
27 65 18
27 68 18
27 79 1
27 99 8
27 107 22
27 134 16
27 147 19
27 159 18
27 170 9
27 176 21
27 180 5
27 198 13
27 202 6
27 211 23
27 219 3
27 229 13
27 231 18
27 236 10
27 246 7
27 253 8
27 296 22
28 19 19
28 20 6
28 34 9
28 46 2
28 56 17
28 58 14
28 74 19
28 76 14
28 99 9
28 101 1
28 113 2
28 114 20
28 117 1
28 120 9
28 121 19
28 129 10
28 135 4
28 138 7
28 144 12
28 153 19
28 185 11
28 187 1
28 189 18
28 191 4
28 199 4
28 205 8
28 232 21
28 243 13
28 249 14
28 255 22
28 262 12
28 265 9
28 285 5
28 291 14
29 1 4
29 2 21
29 3 21
29 59 22
29 64 5
29 87 7
29 93 16
29 97 23
29 100 20
29 116 17
29 120 3
29 121 15
29 132 20
29 138 6
29 140 21
29 148 9
29 152 18
29 156 2
29 158 9
29 172 13
29 173 5
29 232 6
29 236 20
29 238 19
29 258 19
29 264 4
29 286 18
29 292 1
30 8 12
30 19 16
30 22 14
30 28 10
30 31 7
30 44 5
30 54 2
30 57 11
30 66 11
30 81 18
30 83 4
30 100 2
30 137 5
30 146 6
30 151 16
30 174 1
30 188 12
30 195 8
30 210 3
30 221 23
30 224 3
30 227 12
30 248 12
30 254 2
30 256 17
30 260 2
30 262 14
30 263 6
30 266 5
30 272 2
30 279 6
30 285 11
30 290 17
30 294 13
30 295 20
31 5 23
31 6 18
31 9 21
31 12 4
31 37 22
31 56 15
31 64 8
31 72 23
31 75 19
31 79 13
31 94 10
31 97 14
31 100 18
31 126 17
31 127 16
31 151 18
31 163 13
31 170 21
31 174 23
31 179 14
31 199 15
31 210 2
31 211 5
31 213 20
31 224 6
31 235 6
31 253 20
31 272 16
31 273 17
31 276 9
31 293 12
31 298 16
31 301 3
32 1 4
32 5 20
32 76 2
32 81 12
32 104 4
32 116 18
32 133 2
32 141 10
32 147 4
32 174 15
32 178 5
32 186 14
32 187 1
32 193 22
32 199 4
32 206 22
32 220 21
32 221 11
32 239 7
32 302 16
33 21 9
33 23 3
33 38 22
33 42 9
33 61 16
33 69 8
33 75 2
33 86 2
33 93 14
33 100 17
33 119 21
33 124 17
33 125 7
33 134 16
33 149 22
33 152 4
33 165 11
33 171 23
33 185 14
33 187 8
33 197 14
33 202 12
33 208 22
33 233 9
33 240 4
33 244 19
33 248 7
33 260 18
33 264 6
33 271 13
33 273 11
33 287 9
33 289 9
33 296 3
33 300 17
34 1 2
34 4 10
34 27 18
34 31 20
34 32 23
34 35 5
34 36 11
34 56 10
34 63 6
34 77 4
34 91 9
34 98 3
34 122 8
34 138 2
34 140 16
34 145 9
34 157 16
34 183 4
34 201 7
34 202 18
34 206 7
34 215 19
34 216 1
34 218 2
34 225 19
34 228 13
34 244 6
34 247 4
34 254 15
34 278 8
34 286 14
34 289 10
34 294 11
34 298 2
35 2 6
35 5 5
35 9 6
35 11 17
35 42 14
35 64 5
35 71 14
35 77 16
35 104 8
35 109 15
35 132 18
35 140 17
35 167 23
35 176 4
35 179 21
35 184 1
35 229 21
35 236 21
35 241 19
35 275 15
35 282 16
35 283 14
35 284 21
35 298 15
36 13 11
36 33 12
36 47 22
36 61 1
36 86 22
36 97 10
36 106 2
36 117 21
36 121 14
36 128 2
36 131 14
36 141 21
36 171 6
36 173 21
36 176 8
36 183 7
36 189 12
36 203 19
36 208 1
36 231 6
36 254 22
36 260 15
36 292 6
36 293 13
36 297 6
36 300 18
37 2 4
37 6 16
37 11 9
37 16 1
37 23 7
37 29 13
37 33 6
37 67 23
37 74 14
37 98 21
37 138 3
37 141 15
37 200 19
37 204 10
37 216 16
37 241 3
37 245 7
37 248 16
37 263 1
37 279 8
37 284 22
37 293 6
38 5 3
38 56 22
38 59 11
38 62 18
38 76 13
38 118 10
38 139 7
38 143 13
38 164 5
38 177 4
38 180 5
38 182 7
38 188 21
38 201 11
38 205 19
38 207 4
38 216 10
38 227 9
38 236 18
38 242 12
38 247 18
38 255 13
38 264 21
38 302 10
39 25 16
39 34 22
39 40 19
39 42 10
39 59 6
39 70 18
39 84 9
39 101 3
39 103 10
39 117 14
39 118 20
39 119 17
39 125 23
39 136 4
39 160 6
39 174 21
39 182 1
39 193 10
39 195 4
39 196 22
39 202 14
39 203 17
39 233 19
39 253 1
39 263 2
39 268 13
39 271 6
39 284 13
39 296 20
40 25 21
40 36 17
40 39 12
40 53 19
40 61 12
40 76 15
40 78 18
40 80 6
40 87 23
40 91 20
40 121 10
40 128 7
40 136 17
40 157 3
40 159 1
40 165 14
40 173 2
40 174 21
40 175 14
40 176 11
40 180 19
40 183 6
40 195 1
40 200 12
40 201 1
40 202 18
40 215 7
40 218 8
40 222 18
40 225 20
40 243 4
40 248 15
40 287 13
40 300 9
41 33 10
41 52 1
41 57 23
41 62 4
41 69 1
41 75 16
41 76 18
41 79 10
41 88 23
41 99 11
41 105 6
41 106 17
41 108 18
41 129 7
41 139 14
41 141 8
41 144 11
41 177 9
41 183 14
41 184 5
41 189 14
41 190 8
41 202 17
41 205 21
41 206 15
41 218 11
41 219 11
41 226 18
41 238 2
41 250 23
41 265 3
41 272 5
41 274 17
41 279 19
41 284 8
41 298 17
42 4 6
42 16 19
42 30 20
42 42 22
42 49 23
42 56 19
42 83 15
42 84 17
42 103 2
42 123 5
42 137 19
42 140 6
42 153 8
42 171 3
42 174 11
42 177 21
42 180 10
42 182 4
42 198 12
42 201 19
42 202 8
42 206 22
42 216 13
42 234 9
42 252 15
42 259 10
42 264 13
42 279 9
42 288 22
42 294 14
43 1 2
43 14 4
43 30 10
43 41 16
43 45 2
43 59 9
43 81 11
43 103 16
43 126 20
43 138 7
43 144 15
43 152 15
43 160 12
43 174 16
43 191 17
43 200 16
43 201 7
43 227 3
43 266 13
43 301 19
44 13 21
44 25 20
44 27 11
44 30 5
44 34 22
44 42 3
44 47 8
44 55 11
44 66 11
44 69 6
44 81 19
44 83 6
44 86 10
44 125 22
44 126 15
44 137 5
44 139 7
44 141 3
44 150 15
44 152 20
44 156 3
44 185 23
44 202 11
44 215 8
44 223 15
44 251 4
44 272 18
44 278 21
44 289 1
44 301 7
45 12 10
45 18 15
45 23 21
45 30 15
45 35 13
45 40 19
45 58 17
45 65 20
45 82 1
45 83 21
45 91 3
45 92 19
45 100 20
45 110 6
45 117 17
45 125 12
45 126 10
45 139 17
45 150 8
45 153 1
45 181 14
45 235 10
45 250 23
45 258 18
45 280 11
46 4 8
46 21 22
46 22 5
46 39 23
46 47 16
46 57 6
46 63 3
46 75 7
46 120 3
46 140 17
46 142 20
46 147 21
46 166 4
46 181 10
46 205 15
46 209 18
46 213 12
46 219 4
46 227 15
46 240 11
46 257 14
46 271 20
46 272 21
46 275 8
46 298 4
46 303 15
47 17 15
47 24 7
47 38 9
47 43 9
47 55 17
47 58 10
47 59 1
47 63 16
47 88 9
47 105 16
47 107 21
47 121 6
47 128 17
47 130 23
47 142 22
47 145 13
47 157 14
47 160 20
47 166 16
47 169 6
47 186 14
47 187 5
47 202 3
47 205 22
47 210 9
47 212 17
47 225 18
47 246 23
47 247 1
47 282 21
47 289 15
47 301 9
47 302 21
48 4 17
48 17 17
48 35 15
48 39 3
48 69 18
48 73 1
48 74 6
48 83 4
48 98 21
48 107 11
48 127 20
48 135 20
48 141 3
48 156 3
48 165 4
48 182 22
48 190 19
48 203 3
48 213 7
48 217 17
48 222 6
48 244 5
48 299 2
49 2 22
49 17 23
49 41 2
49 51 16
49 58 14
49 71 10
49 88 1
49 92 12
49 96 20
49 108 11
49 134 20
49 141 16
49 148 22
49 149 20
49 151 21
49 163 3
49 168 17
49 188 2
49 206 16
49 216 7
49 220 5
49 237 19
49 247 10
49 249 20
49 286 14
50 7 13
50 47 3
50 49 1
50 51 18
50 65 8
50 69 2
50 77 10
50 119 1
50 122 20
50 126 2
50 156 14
50 157 6
50 159 2
50 167 2
50 184 2
50 206 6
50 208 21
50 217 18
50 233 5
50 235 17
50 243 9
50 246 1
50 255 10
50 258 5
50 272 16
50 277 16
50 289 9
50 291 5
51 25 3
51 29 22
51 30 12
51 33 9
51 43 19
51 93 12
51 105 3
51 110 20
51 115 8
51 133 6
51 134 20
51 135 21
51 158 7
51 175 10
51 188 4
51 193 2
51 196 6
51 201 22
51 204 7
51 220 3
51 223 10
51 239 5
51 241 14
51 259 13
51 264 22
51 283 17
52 14 17
52 16 15
52 27 10
52 46 19
52 47 13
52 78 6
52 104 17
52 112 2
52 131 8
52 154 6
52 161 7
52 166 4
52 177 2
52 183 8
52 210 9
52 230 21
52 231 6
52 242 15
52 248 2
52 258 9
52 270 16
52 296 1
53 8 1
53 17 16
53 30 3
53 36 5
53 49 15
53 50 10
53 86 17
53 99 13
53 101 4
53 113 10
53 120 21
53 139 13
53 140 5
53 151 11
53 173 12
53 182 15
53 186 6
53 189 19
53 205 21
53 206 12
53 210 22
53 212 22
53 214 20
53 219 1
53 221 14
53 242 2
53 248 15
53 254 9
53 256 4
53 266 1
53 270 9
53 276 21
53 292 10
53 294 5
53 295 2
54 23 1
54 35 15
54 62 18
54 76 14
54 85 12
54 93 21
54 107 11
54 114 18
54 121 2
54 123 15
54 135 6
54 144 11
54 147 20
54 153 18
54 155 8
54 177 3
54 186 10
54 196 23
54 211 16
54 229 10
54 232 7
54 236 11
54 254 18
54 269 15
54 297 14
54 302 18
55 11 17
55 64 5
55 79 4
55 87 16
55 98 7
55 110 22
55 127 1
55 134 18
55 140 12
55 180 12
55 182 16
55 187 16
55 189 6
55 206 11
55 223 8
55 237 5
55 259 21
55 273 21
55 276 22
55 285 22
55 301 23
56 6 2
56 14 16
56 20 9
56 21 11
56 25 22
56 30 19
56 48 22
56 54 8
56 62 3
56 73 16
56 74 18
56 84 8
56 90 13
56 96 10
56 100 14
56 108 11
56 148 10
56 157 2
56 161 16
56 169 15
56 188 17
56 196 9
56 203 20
56 211 22
56 217 10
56 237 1
56 246 19
56 251 7
56 273 22
56 293 12
56 299 1
56 302 17
57 4 4
57 35 9
57 41 4
57 50 19
57 54 22
57 72 2
57 74 3
57 79 1
57 99 11
57 127 21
57 143 8
57 149 18
57 158 1
57 171 15
57 188 5
57 196 11
57 223 17
57 230 21
57 239 19
57 255 4
57 266 23
57 281 16
57 290 2
57 292 9
57 294 16
58 11 15
58 12 9
58 20 9
58 27 3
58 37 3
58 69 2
58 74 23
58 83 6
58 85 23
58 121 18
58 150 4
58 155 18
58 164 21
58 169 4
58 170 23
58 175 12
58 188 6
58 204 17
58 248 12
58 258 20
58 263 15
58 264 16
58 271 13
58 275 6
58 291 12
59 3 17
59 7 5
59 16 21
59 30 12
59 64 7
59 71 13
59 121 3
59 171 16
59 200 15
59 206 5
59 208 18
59 209 11
59 214 4
59 261 23
59 270 4
59 290 22
59 292 20
60 3 15
60 15 13
60 24 1
60 25 14
60 29 1
60 48 6
60 54 7
60 65 6
60 75 19
60 76 16
60 78 16
60 81 3
60 85 21
60 103 4
60 115 13
60 144 20
60 146 1
60 154 1
60 163 3
60 166 7
60 169 4
60 173 18
60 181 16
60 192 2
60 213 7
60 216 20
60 237 6
60 267 23
60 295 23
60 302 21
61 13 20
61 19 14
61 44 4
61 64 14
61 70 22
61 79 4
61 95 13
61 132 5
61 138 3
61 144 8
61 193 14
61 204 18
61 222 10
61 231 12
61 238 15
61 262 16
61 268 8
61 286 9
61 287 17
61 289 10
61 296 16
61 297 20
62 4 22
62 8 2
62 10 21
62 32 22
62 35 21
62 50 20
62 51 21
62 54 20
62 95 11
62 104 17
62 107 4
62 138 14
62 142 7
62 144 2
62 149 11
62 160 19
62 163 1
62 182 14
62 185 21
62 187 14
62 191 8
62 205 1
62 206 19
62 216 17
62 217 17
62 229 3
62 237 2
62 250 10
62 260 7
62 281 17
62 293 23
62 296 22
63 10 12
63 28 14
63 32 20
63 71 9
63 75 5
63 86 17
63 110 22
63 125 15
63 129 5
63 149 3
63 156 6
63 161 5
63 163 21
63 215 16
63 221 18
63 231 21
63 257 23
63 267 15
63 279 6
63 285 2
63 303 15
64 10 1
64 11 18
64 24 2
64 38 21
64 39 19
64 56 11
64 57 21
64 80 7
64 88 4
64 89 19
64 98 18
64 100 18
64 102 15
64 110 4
64 146 22
64 154 2
64 186 19
64 207 7
64 214 6
64 216 21
64 220 6
64 223 11
64 236 13
64 239 22
64 245 5
64 251 4
64 253 15
64 263 13
64 265 9
64 268 16
64 275 21
64 278 4
64 290 10
64 292 23
65 7 1
65 8 23
65 10 10
65 38 15
65 41 6
65 46 14
65 69 10
65 82 23
65 84 2
65 86 1
65 104 20
65 108 17
65 111 19
65 142 16
65 152 23
65 166 2
65 175 7
65 178 23
65 190 6
65 193 19
65 197 15
65 201 4
65 227 17
65 234 6
65 242 16
65 243 2
65 257 22
65 259 13
65 297 22
66 16 2
66 18 12
66 48 16
66 67 18
66 91 16
66 105 7
66 127 23
66 134 23
66 144 16
66 146 17
66 147 1
66 148 10
66 175 7
66 177 11
66 180 6
66 193 22
66 199 4
66 222 1
66 225 23
66 231 3
66 245 6
66 265 12
66 271 17
66 274 9
66 288 5
67 19 23
67 26 1
67 57 1
67 75 15
67 82 13
67 93 22
67 101 10
67 104 19
67 111 15
67 126 5
67 128 11
67 134 15
67 139 21
67 153 10
67 155 8
67 162 14
67 169 4
67 184 17
67 187 21
67 199 14
67 210 16
67 213 13
67 220 17
67 244 16
67 248 6
67 253 14
67 256 21
67 263 18
67 269 7
67 273 6
67 281 22
67 293 23
67 298 23
67 301 22
68 8 8
68 23 7
68 38 15
68 48 12
68 62 2
68 67 23
68 71 16
68 83 6
68 100 14
68 110 7
68 119 15
68 122 21
68 123 15
68 127 18
68 132 9
68 137 6
68 148 2
68 149 18
68 154 18
68 165 12
68 181 11
68 187 1
68 191 2
68 192 2
68 217 12
68 234 3
68 238 2
68 255 10
68 260 19
68 274 1
68 288 3
68 297 21
68 303 1
69 2 17
69 45 9
69 59 2
69 77 10
69 85 1
69 89 7
69 117 23
69 140 1
69 153 15
69 155 21
69 164 15
69 173 3
69 177 23
69 188 20
69 191 4
69 212 17
69 213 15
69 230 10
69 254 21
69 260 9
69 274 5
69 275 23
70 4 20
70 21 1
70 29 1
70 31 23
70 46 20
70 47 18
70 50 2
70 57 17
70 69 19
70 76 12
70 77 2
70 79 20
70 84 21
70 110 19
70 113 21
70 128 21
70 136 19
70 142 6
70 155 12
70 176 11
70 178 9
70 186 5
70 188 1
70 189 6
70 215 15
70 234 15
70 240 15
70 243 13
70 277 17
70 284 14
70 303 12
71 30 7
71 71 14
71 73 6
71 78 7
71 79 10
71 96 23
71 99 2
71 128 20
71 136 18
71 195 8
71 196 21
71 205 9
71 208 22
71 222 10
71 232 23
71 265 13
71 273 23
71 289 5
71 290 18
71 295 4
71 298 13
72 7 22
72 11 4
72 12 13
72 13 14
72 22 13
72 30 21
72 35 3
72 45 6
72 67 11
72 83 8
72 91 7
72 94 2
72 101 13
72 132 7
72 134 5
72 138 12
72 146 8
72 157 2
72 158 7
72 175 9
72 176 16
72 189 9
72 230 8
72 234 20
72 245 8
72 253 20
72 261 19
72 266 12
72 279 15
72 293 22
72 294 19
73 3 7
73 8 19
73 14 8
73 20 14
73 30 8
73 39 5
73 42 16
73 54 8
73 70 16
73 80 17
73 90 14
73 91 11
73 102 6
73 108 20
73 114 15
73 132 12
73 133 21
73 140 10
73 144 12
73 163 7
73 164 20
73 177 20
73 192 8
73 207 16
73 217 4
73 239 4
73 245 11
73 251 15
73 256 12
73 260 3
73 263 10
73 269 13
73 272 21
73 302 11
74 21 3
74 25 23
74 28 16
74 43 13
74 56 7
74 78 2
74 87 6
74 99 14
74 106 6
74 122 6
74 126 10
74 129 14
74 138 17
74 142 1
74 150 1
74 152 22
74 166 7
74 172 20
74 216 18
74 224 8
74 226 6
74 228 21
74 231 6
74 244 10
74 245 6
74 253 11
74 266 6
74 278 10
74 279 23
74 283 3
74 285 20
74 297 20
75 9 19
75 13 6
75 17 9
75 18 2
75 25 7
75 27 8
75 28 9
75 36 6
75 39 7
75 47 18
75 69 20
75 73 17
75 99 13
75 137 14
75 142 15
75 151 13
75 157 4
75 162 9
75 175 21
75 182 9
75 183 23
75 201 3
75 202 18
75 210 6
75 212 13
75 220 23
75 232 15
75 234 13
75 236 19
75 264 11
75 270 9
75 278 9
75 287 11
75 289 11
76 10 10
76 15 17
76 19 12
76 31 19
76 52 17
76 62 19
76 64 7
76 66 13
76 71 6
76 75 19
76 93 20
76 96 21
76 118 3
76 145 23
76 149 23
76 152 23
76 163 8
76 175 23
76 210 2
76 241 19
76 242 22
76 245 14
76 248 12
76 251 13
76 256 20
76 261 1
76 289 17
76 295 22
77 5 9
77 7 4
77 14 3
77 15 13
77 18 15
77 39 15
77 48 2
77 52 2
77 58 4
77 62 8
77 73 14
77 75 3
77 79 21
77 93 4
77 96 17
77 104 23
77 105 3
77 110 17
77 112 16
77 128 4
77 141 10
77 143 17
77 153 22
77 160 2
77 178 1
77 179 4
77 185 8
77 192 15
77 200 4
77 202 1
77 209 7
77 216 13
77 218 22
77 223 10
77 231 2
77 236 7
77 274 18
77 292 3
77 295 8
78 4 15
78 59 4
78 72 15
78 82 17
78 88 18
78 93 18
78 98 11
78 112 11
78 113 14
78 117 21
78 143 3
78 147 17
78 150 1
78 159 13
78 175 15
78 180 2
78 181 14
78 182 12
78 186 9
78 195 22
78 208 15
78 214 9
78 218 5
78 250 21
78 271 1
78 274 14
78 280 16
79 7 1
79 12 2
79 13 18
79 15 8
79 28 16
79 32 16
79 34 16
79 52 4
79 57 4
79 73 4
79 81 14
79 153 15
79 156 17
79 158 5
79 162 17
79 163 10
79 172 5
79 183 7
79 195 18
79 213 6
79 223 14
79 226 6
79 233 14
79 235 12
79 250 21
79 263 16
79 265 16
79 267 18
79 275 11
79 280 1
79 284 11
79 300 11
79 301 2
80 5 22
80 14 13
80 34 18
80 52 8
80 53 5
80 76 21
80 82 12
80 87 3
80 100 5
80 112 20
80 119 19
80 124 9
80 136 13
80 138 6
80 150 7
80 175 13
80 200 23
80 209 12
80 232 3
80 248 6
80 263 19
80 266 8
80 271 20
80 283 11
80 294 18
81 6 8
81 13 21
81 28 18
81 53 12
81 61 3
81 109 19
81 112 5
81 116 15
81 136 7
81 138 12
81 143 13
81 161 21
81 200 17
81 202 15
81 203 2
81 205 13
81 211 11
81 221 4
81 232 20
81 235 10
81 237 10
81 241 9
81 250 3
81 253 15
81 256 6
81 265 2
81 276 10
81 293 7
81 300 21
82 24 15
82 25 1
82 31 23
82 36 6
82 63 18
82 71 11
82 73 8
82 77 8
82 117 15
82 125 16
82 127 14
82 145 21
82 176 23
82 177 12
82 194 8
82 199 8
82 206 7
82 217 15
82 219 12
82 220 5
82 222 11
82 225 21
82 226 8
82 233 13
82 234 1
82 253 23
83 18 18
83 22 2
83 30 3
83 41 2
83 47 17
83 56 17
83 57 19
83 64 16
83 79 17
83 83 14
83 91 3
83 102 18
83 119 21
83 132 12
83 150 11
83 166 5
83 176 3
83 186 4
83 189 16
83 245 10
83 247 11
83 266 17
83 270 1
84 11 23
84 14 21
84 25 5
84 59 14
84 71 5
84 126 18
84 132 8
84 143 21
84 146 6
84 153 10
84 161 1
84 163 7
84 173 20
84 178 11
84 187 20
84 191 12
84 197 4
84 204 10
84 210 8
84 213 22
84 235 1
84 245 13
84 258 3
84 277 5
84 278 15
84 289 6
84 296 21
84 300 19
85 1 10
85 3 8
85 12 13
85 22 9
85 23 5
85 24 18
85 36 23
85 40 3
85 49 12
85 89 7
85 99 18
85 104 17
85 114 10
85 125 12
85 129 18
85 138 23
85 141 22
85 166 14
85 172 11
85 178 20
85 191 23
85 192 13
85 210 12
85 224 17
85 225 2
85 228 8
85 241 21
85 249 11
85 258 13
85 263 12
85 289 6
85 290 16
85 294 19
85 303 18
86 9 2
86 27 17
86 29 12
86 49 18
86 53 14
86 57 23
86 59 18
86 67 8
86 88 11
86 113 22
86 118 19
86 121 5
86 128 21
86 133 11
86 154 18
86 160 3
86 162 1
86 212 11
86 220 15
86 223 12
86 236 4
86 243 10
86 249 19
86 270 18
86 275 20
86 277 2
86 280 7
86 287 2
86 288 12
86 299 2
86 301 20
86 303 13
87 14 19
87 25 2
87 30 1
87 40 9
87 46 19
87 72 12
87 75 10
87 97 6
87 114 4
87 125 5
87 145 10
87 159 19
87 171 9
87 178 21
87 184 21
87 204 10
87 214 2
87 230 6
87 256 15
87 260 22
87 292 15
87 300 11
88 23 16
88 34 6
88 41 6
88 44 22
88 66 7
88 85 17
88 99 18
88 105 20
88 118 23
88 119 7
88 128 16
88 143 17
88 144 9
88 150 11
88 154 23
88 196 18
88 213 16
88 231 3
88 234 16
88 251 19
88 253 15
88 256 1
88 258 10
88 260 12
88 272 10
88 276 11
88 284 11
89 5 19
89 8 3
89 11 20
89 24 23
89 25 12
89 26 2
89 37 5
89 48 5
89 58 2
89 61 16
89 73 22
89 78 22
89 87 9
89 106 22
89 116 14
89 122 20
89 139 7
89 141 18
89 159 19
89 175 1
89 191 10
89 202 15
89 204 16
89 206 5
89 241 1
89 249 10
89 274 8
89 281 6
89 286 14
89 292 18
89 293 17
89 299 9
90 8 14
90 10 13
90 13 8
90 22 2
90 28 8
90 45 6
90 48 6
90 66 9
90 75 15
90 90 21
90 100 7
90 116 1
90 123 19
90 130 14
90 132 14
90 136 19
90 140 8
90 151 3
90 188 19
90 189 11
90 190 11
90 192 5
90 198 9
90 202 11
90 206 9
90 215 16
90 230 17
90 237 22
90 251 4
90 265 10
90 266 1
91 25 17
91 29 16
91 51 8
91 65 13
91 66 23
91 68 7
91 108 12
91 113 8
91 156 22
91 159 10
91 169 9
91 178 16
91 186 22
91 202 16
91 215 6
91 224 18
91 226 1
91 235 8
91 236 7
91 239 5
91 253 18
91 255 6
91 258 14
91 265 23
91 289 14
91 296 6
92 4 16
92 16 6
92 20 10
92 21 19
92 45 23
92 52 3
92 53 11
92 56 1
92 68 15
92 76 4
92 104 7
92 105 4
92 106 5
92 117 22
92 122 7
92 124 13
92 130 14
92 131 22
92 137 6
92 154 13
92 163 10
92 174 23
92 177 14
92 179 17
92 187 21
92 191 3
92 232 16
92 245 11
92 248 2
92 254 23
92 255 17
92 258 17
92 268 22
92 273 3
92 277 6
92 279 21
92 284 22
92 286 16
92 287 21
92 300 8
93 43 13
93 60 21
93 104 5
93 129 17
93 148 20
93 166 5
93 167 7
93 177 4
93 185 3
93 195 6
93 220 11
93 224 7
93 230 22
93 248 1
93 252 17
93 261 19
93 262 3
94 31 9
94 33 7
94 46 21
94 48 2
94 54 17
94 59 8
94 71 23
94 93 13
94 101 13
94 116 14
94 129 5
94 131 22
94 145 11
94 170 6
94 196 11
94 199 2
94 205 10
94 220 5
94 230 21
94 260 8
94 264 11
94 266 19
94 271 5
95 2 10
95 4 6
95 6 11
95 11 2
95 20 6
95 32 4
95 43 14
95 46 3
95 60 6
95 61 14
95 72 17
95 94 7
95 116 7
95 122 2
95 137 23
95 140 19
95 143 14
95 147 13
95 158 18
95 170 13
95 177 17
95 188 23
95 198 23
95 199 18
95 208 10
95 213 4
95 223 10
95 250 11
95 256 8
95 266 5
95 279 15
95 303 11
96 20 10
96 44 2
96 52 12
96 56 9
96 62 22
96 73 20
96 76 5
96 83 4
96 91 10
96 94 22
96 97 4
96 113 17
96 114 17
96 123 3
96 125 6
96 139 1
96 141 15
96 145 23
96 156 13
96 169 8
96 177 17
96 183 7
96 189 3
96 199 3
96 206 4
96 216 12
96 222 7
96 247 6
96 259 10
96 289 22
97 14 10
97 17 19
97 22 23
97 34 16
97 48 21
97 61 16
97 69 12
97 75 20
97 88 19
97 109 21
97 133 12
97 141 23
97 157 14
97 164 5
97 165 2
97 168 14
97 175 5
97 194 11
97 201 13
97 230 12
97 241 18
97 244 6
97 250 12
97 265 14
97 284 2
97 290 15
98 58 19
98 59 3
98 96 14
98 106 5
98 116 1
98 121 1
98 128 23
98 135 17
98 142 16
98 146 15
98 152 9
98 170 4
98 171 11
98 175 5
98 176 1
98 195 22
98 201 21
98 215 9
98 222 20
98 226 16
98 255 22
98 257 1
98 258 3
98 260 5
98 261 12
98 274 15
98 280 5
98 291 17
98 295 5
99 2 6
99 3 9
99 7 1
99 8 8
99 24 22
99 32 5
99 39 2
99 46 16
99 49 22
99 62 19
99 66 8
99 82 7
99 84 21
99 93 11
99 99 11
99 130 19
99 166 6
99 170 9
99 171 16
99 180 14
99 196 22
99 224 3
99 238 12
99 243 22
99 262 5
99 264 16
99 266 5
99 272 13
99 284 20
99 288 21
99 289 12
99 291 20
99 299 23
100 2 6
100 20 21
100 34 16
100 52 4
100 72 23
100 74 8
100 76 2
100 90 12
100 110 10
100 117 2
100 122 9
100 132 14
100 134 12
100 179 5
100 185 19
100 210 14
100 230 14
100 232 9
100 236 12
100 243 16
100 249 14
100 269 5
100 274 15
100 283 7
100 284 3
100 291 4
101 9 20
101 11 23
101 31 15
101 32 16
101 41 17
101 42 20
101 60 8
101 69 9
101 77 18
101 99 1
101 101 10
101 102 13
101 106 12
101 120 19
101 121 15
101 148 14
101 168 10
101 172 3
101 173 18
101 177 5
101 192 11
101 199 9
101 210 8
101 218 16
101 226 1
101 237 21
101 241 20
101 246 9
101 251 21
101 253 22
101 264 13
101 288 18
101 297 16
101 298 21
101 303 4
102 3 9
102 5 12
102 13 5
102 25 17
102 33 6
102 43 5
102 61 20
102 79 18
102 88 16
102 89 16
102 94 3
102 114 7
102 126 19
102 127 23
102 140 18
102 155 23
102 185 10
102 192 20
102 193 1
102 196 2
102 208 15
102 225 22
102 239 16
102 241 23
102 250 19
102 267 14
102 268 12
102 283 7
103 8 6
103 38 4
103 53 5
103 57 8
103 61 15
103 105 9
103 118 18
103 147 14
103 150 14
103 161 15
103 174 8
103 179 23
103 180 7
103 204 5
103 210 23
103 215 2
103 228 4
103 245 12
103 259 18
103 264 13
103 282 8
103 286 19
104 6 8
104 10 22
104 28 11
104 30 23
104 34 22
104 38 23
104 68 8
104 81 4
104 88 1
104 90 7
104 109 1
104 120 5
104 131 15
104 136 15
104 147 7
104 148 9
104 150 22
104 198 20
104 199 17
104 218 1
104 239 14
104 244 23
104 245 5
104 257 7
104 260 18
104 265 8
104 272 18
104 278 7
104 279 14
104 301 20
105 2 19
105 5 21
105 22 18
105 24 23
105 31 21
105 61 10
105 73 22
105 81 22
105 120 8
105 122 22
105 128 5
105 139 8
105 143 20
105 154 19
105 176 17
105 201 4
105 205 22
105 207 15
105 214 17
105 228 15
105 239 9
105 244 1
105 249 9
105 251 13
105 263 8
105 264 20
105 283 20
105 286 19
106 21 3
106 32 4
106 34 15
106 35 15
106 37 2
106 70 4
106 74 14
106 80 16
106 84 13
106 96 7
106 112 14
106 115 14
106 118 22
106 119 18
106 121 22
106 125 19
106 143 8
106 151 9
106 156 16
106 173 6
106 178 17
106 194 3
106 217 20
106 224 3
106 229 4
106 240 5
106 247 9
106 249 5
106 260 19
106 262 23
106 276 23
106 292 15
107 3 3
107 8 9
107 12 7
107 20 4
107 27 12
107 42 14
107 46 19
107 63 18
107 81 20
107 84 3
107 85 3
107 87 19
107 95 21
107 105 18
107 116 8
107 145 5
107 154 3
107 160 23
107 179 4
107 198 13
107 200 19
107 201 23
107 208 15
107 225 22
107 232 22
107 235 1
107 251 20
107 253 17
107 254 23
107 264 20
107 284 2
107 294 2
108 11 22
108 15 8
108 30 23
108 32 4
108 47 22
108 49 12
108 57 21
108 61 12
108 93 15
108 98 23
108 102 7
108 117 6
108 123 17
108 144 8
108 149 4
108 184 13
108 194 1
108 195 7
108 200 3
108 201 20
108 245 23
108 257 11
108 283 12
109 22 15
109 26 5
109 36 9
109 37 2
109 52 4
109 58 22
109 71 4
109 86 23
109 88 20
109 92 11
109 102 16
109 106 23
109 108 3
109 120 4
109 121 14
109 135 15
109 141 12
109 147 8
109 154 15
109 175 17
109 180 18
109 188 23
109 216 20
109 217 8
109 220 23
109 223 20
109 231 4
109 277 13
109 300 20
110 1 14
110 13 2
110 45 11
110 69 19
110 75 10
110 76 13
110 79 16
110 87 2
110 93 10
110 114 9
110 115 21
110 123 20
110 128 1
110 136 14
110 162 17
110 180 22
110 208 4
110 227 8
110 230 10
110 237 5
110 247 16
110 250 21
110 252 23
110 256 15
110 290 17
110 301 1
111 6 9
111 8 14
111 18 21
111 69 15
111 83 4
111 87 5
111 105 16
111 107 14
111 112 23
111 129 19
111 146 20
111 151 10
111 156 20
111 158 6
111 174 12
111 191 11
111 214 20
111 217 7
111 225 1
111 226 13
111 229 5
111 242 22
111 248 14
111 253 8
111 260 3
111 269 6
111 298 5
111 302 2
112 4 15
112 38 16
112 57 19
112 62 17
112 71 6
112 76 16
112 78 8
112 98 9
112 102 21
112 103 18
112 107 16
112 127 14
112 134 13
112 135 7
112 139 17
112 145 4
112 157 6
112 158 6
112 163 14
112 175 2
112 184 6
112 201 15
112 211 8
112 218 4
112 219 7
112 220 15
112 236 11
112 238 9
112 245 21
112 283 10
112 284 5
112 294 6
112 299 2
113 21 23
113 67 22
113 77 7
113 86 10
113 120 23
113 141 9
113 150 1
113 159 17
113 175 18
113 196 14
113 206 7
113 211 18
113 214 2
113 221 4
113 227 1
113 230 7
113 242 17
113 249 19
113 276 6
114 9 2
114 28 4
114 36 9
114 49 8
114 68 12
114 74 19
114 79 11
114 89 3
114 90 5
114 144 15
114 149 8
114 185 6
114 188 8
114 191 23
114 194 6
114 198 17
114 210 23
114 211 8
114 240 17
114 263 16
114 269 20
114 289 2
115 4 16
115 6 14
115 36 3
115 48 19
115 51 14
115 61 3
115 74 7
115 99 10
115 124 8
115 127 2
115 128 7
115 130 10
115 154 10
115 170 18
115 174 22
115 178 14
115 181 21
115 191 4
115 205 5
115 207 22
115 235 3
115 240 6
115 246 22
115 253 3
115 280 17
115 282 21
116 2 4
116 4 10
116 16 13
116 19 23
116 23 5
116 31 6
116 37 14
116 50 1
116 56 18
116 60 4
116 71 3
116 99 1
116 115 7
116 141 4
116 167 3
116 177 7
116 214 7
116 223 6
116 255 19
116 288 6
116 293 19
117 8 10
117 15 3
117 17 17
117 22 8
117 24 5
117 28 22
117 43 6
117 44 1
117 59 15
117 61 20
117 64 5
117 78 19
117 89 4
117 95 4
117 107 17
117 114 3
117 135 11
117 150 18
117 161 20
117 182 15
117 205 14
117 219 21
117 225 15
117 228 12
117 240 17
117 252 22
117 258 18
117 270 22
117 277 17
117 279 23
117 282 11
117 295 3
117 301 2
118 18 4
118 21 4
118 28 1
118 56 19
118 120 4
118 132 1
118 142 5
118 151 23
118 212 22
118 213 23
118 244 20
118 252 20
118 255 16
118 260 22
118 295 7
119 7 4
119 29 19
119 36 15
119 41 18
119 57 10
119 64 7
119 65 23
119 75 3
119 76 22
119 80 17
119 90 18
119 102 9
119 104 11
119 107 22
119 121 5
119 125 12
119 129 19
119 141 8
119 145 6
119 152 14
119 159 5
119 174 7
119 178 18
119 202 22
119 216 22
119 237 11
119 255 18
119 265 18
119 277 21
119 289 17
119 297 2
120 21 1
120 36 12
120 80 16
120 121 12
120 139 21
120 147 16
120 148 11
120 149 17
120 153 14
120 158 22
120 164 5
120 174 16
120 175 9
120 198 3
120 200 20
120 215 14
120 225 21
120 227 22
120 232 20
120 245 5
120 251 3
120 265 3
120 277 23
120 290 1
120 292 18
120 295 4
121 13 19
121 17 13
121 23 1
121 43 12
121 48 8
121 84 19
121 110 17
121 114 17
121 133 1
121 140 14
121 148 10
121 149 6
121 152 1
121 180 17
121 186 4
121 190 5
121 194 10
121 198 12
121 208 1
121 209 23
121 223 2
121 224 21
121 252 21
121 266 15
121 272 2
121 276 1
121 280 17
121 287 18
122 16 1
122 18 6
122 19 22
122 40 19
122 42 18
122 48 16
122 52 1
122 61 2
122 112 5
122 118 17
122 144 18
122 149 6
122 158 1
122 164 21
122 167 5
122 177 1
122 178 9
122 216 8
122 229 22
122 236 18
122 241 13
122 245 22
122 250 17
122 260 8
122 285 13
122 293 9
122 299 23
123 11 15
123 12 9
123 20 10
123 26 3
123 28 3
123 33 15
123 38 1
123 41 16
123 42 3
123 45 11
123 62 16
123 69 21
123 87 9
123 88 4
123 91 10
123 97 8
123 100 4
123 104 7
123 115 12
123 131 22
123 169 15
123 175 13
123 177 14
123 190 3
123 201 2
123 211 7
123 237 14
123 239 4
123 242 19
123 246 22
123 268 20
123 289 4
123 298 1
124 10 23
124 19 7
124 20 3
124 22 15
124 47 1
124 58 18
124 65 11
124 76 5
124 77 5
124 86 9
124 105 14
124 135 8
124 138 12
124 165 21
124 172 5
124 176 12
124 184 10
124 192 3
124 195 4
124 198 22
124 219 11
124 229 23
124 232 18
124 257 17
124 266 7
124 270 15
124 273 12
124 278 5
124 283 11
125 2 16
125 11 22
125 12 10
125 33 16
125 39 2
125 41 18
125 55 16
125 62 13
125 72 6
125 83 21
125 106 11
125 133 8
125 143 5
125 148 12
125 195 13
125 196 2
125 205 17
125 206 1
125 214 11
125 244 13
125 247 4
125 249 4
125 251 23
125 258 21
125 259 15
125 270 10
125 283 4
125 300 6
125 302 22
126 6 3
126 24 10
126 71 8
126 72 1
126 85 19
126 88 17
126 94 19
126 98 8
126 138 3
126 145 3
126 151 7
126 155 17
126 157 13
126 165 8
126 184 21
126 195 2
126 208 20
126 216 23
126 220 12
126 239 20
126 244 4
126 252 1
126 271 18
127 9 1
127 20 18
127 21 15
127 28 15
127 35 4
127 47 12
127 62 14
127 63 19
127 64 14
127 84 23
127 90 20
127 91 9
127 102 13
127 112 13
127 156 4
127 161 14
127 204 16
127 212 6
127 220 20
127 229 9
127 240 13
127 257 21
127 258 7
127 262 8
127 269 17
127 277 23
127 296 19
127 302 7
128 5 20
128 9 13
128 46 1
128 50 21
128 62 1
128 79 9
128 99 6
128 101 22
128 118 21
128 119 20
128 120 17
128 123 11
128 131 13
128 158 8
128 160 13
128 172 19
128 173 20
128 187 17
128 191 9
128 219 12
128 263 16
128 287 22
128 295 15
128 299 22
129 20 19
129 21 15
129 31 6
129 36 12
129 56 14
129 76 18
129 80 19
129 86 10
129 93 2
129 131 13
129 132 1
129 138 19
129 147 22
129 169 7
129 173 17
129 216 19
129 218 3
129 219 5
129 223 23
129 233 9
129 234 12
129 236 13
129 239 5
129 245 2
129 280 23
129 284 13
129 285 8
129 296 9
129 298 12
130 6 22
130 20 8
130 67 1
130 79 7
130 81 7
130 83 7
130 89 14
130 93 2
130 97 19
130 108 23
130 114 20
130 118 8
130 142 18
130 167 15
130 182 23
130 188 1
130 189 3
130 209 18
130 214 20
130 221 1
130 244 12
130 254 5
130 265 6
130 266 18
130 276 9
130 279 7
130 285 11
131 6 16
131 10 8
131 12 19
131 13 4
131 38 23
131 40 20
131 45 21
131 51 6
131 52 4
131 57 4
131 68 19
131 94 22
131 99 22
131 114 13
131 142 18
131 147 1
131 148 7
131 168 3
131 201 23
131 211 7
131 215 22
131 222 12
131 225 3
131 234 16
131 237 23
131 262 1
131 276 21
131 297 11
131 302 10
132 1 22
132 11 21
132 17 2
132 25 6
132 51 10
132 68 22
132 72 6
132 73 7
132 88 19
132 118 11
132 124 10
132 137 23
132 168 1
132 170 8
132 175 15
132 177 13
132 189 19
132 208 15
132 215 13
132 222 15
132 223 15
132 239 19
132 255 8
132 264 3
132 279 15
132 280 23
132 292 19
132 303 15
133 1 21
133 4 23
133 11 18
133 46 19
133 48 20
133 56 19
133 68 1
133 92 23
133 125 11
133 126 23
133 127 6
133 128 7
133 136 5
133 144 9
133 175 23
133 190 5
133 196 10
133 229 14
133 251 17
133 253 5
133 254 23
133 262 23
133 267 14
133 271 8
133 282 18
133 287 21
133 294 10
134 45 3
134 77 20
134 84 22
134 86 11
134 87 11
134 101 21
134 102 6
134 119 6
134 141 11
134 145 18
134 147 1
134 157 10
134 159 23
134 165 17
134 166 16
134 176 6
134 182 21
134 189 18
134 194 22
134 207 2
134 212 5
134 233 6
134 243 12
134 247 3
134 248 5
134 251 11
134 253 16
134 263 12
134 268 22
134 278 7
134 279 15
134 285 18
134 288 4
134 294 13
135 11 6
135 26 8
135 42 4
135 48 5
135 66 14
135 71 14
135 72 16
135 88 8
135 98 1
135 112 15
135 126 18
135 157 10
135 177 14
135 201 16
135 231 4
135 239 12
135 246 17
135 247 8
135 256 18
135 263 23
135 264 11
135 276 22
135 277 10
135 290 20
135 299 5
135 300 3
135 302 4
136 3 19
136 23 20
136 27 1
136 29 3
136 38 19
136 45 8
136 57 6
136 61 17
136 87 15
136 94 20
136 101 10
136 129 16
136 131 14
136 143 18
136 160 11
136 162 23
136 166 9
136 172 3
136 177 20
136 193 14
136 204 13
136 221 22
136 233 8
136 235 12
136 261 3
136 262 1
136 270 16
136 279 22
136 281 22
136 283 18
136 296 19
136 298 17
137 3 8
137 14 19
137 21 13
137 26 4
137 27 4
137 53 19
137 55 20
137 68 18
137 71 9
137 77 23
137 123 11
137 131 22
137 133 18
137 142 15
137 145 15
137 149 3
137 163 17
137 174 11
137 177 16
137 179 6
137 190 3
137 198 18
137 208 12
137 249 5
137 253 12
137 268 4
137 272 4
137 290 10
138 4 15
138 5 22
138 12 3
138 33 22
138 40 12
138 44 10
138 62 2
138 71 15
138 84 5
138 86 16
138 90 3
138 92 13
138 107 15
138 113 7
138 119 11
138 128 9
138 175 21
138 193 19
138 195 5
138 199 14
138 200 6
138 228 15
138 230 14
138 238 3
138 240 3
138 246 2
138 248 7
138 258 14
138 265 22
138 275 4
138 286 23
139 8 13
139 33 20
139 43 19
139 46 5
139 76 8
139 78 5
139 113 1
139 120 16
139 121 3
139 139 16
139 141 18
139 144 15
139 157 1
139 158 2
139 160 19
139 180 4
139 194 22
139 200 14
139 207 8
139 208 7
139 212 14
139 215 16
139 218 14
139 233 16
139 253 12
139 259 15
139 263 16
139 271 2
139 281 7
139 284 20
140 3 18
140 18 13
140 20 16
140 65 8
140 69 17
140 91 17
140 102 12
140 113 11
140 125 9
140 159 9
140 183 3
140 193 3
140 203 23
140 221 4
140 226 21
140 232 13
140 246 7
140 267 14
140 273 20
140 301 8
141 1 14
141 17 10
141 26 18
141 34 4
141 76 19
141 81 6
141 90 12
141 96 12
141 112 2
141 122 18
141 143 8
141 145 19
141 156 1
141 157 17
141 192 20
141 198 17
141 199 10
141 202 3
141 210 5
141 231 18
141 249 11
141 262 1
141 265 14
141 272 10
141 286 21
142 13 6
142 15 16
142 20 21
142 22 19
142 40 13
142 43 6
142 48 3
142 52 16
142 68 17
142 86 6
142 106 12
142 118 22
142 148 17
142 165 17
142 167 17
142 176 5
142 180 1
142 192 7
142 208 5
142 233 11
142 237 3
142 247 15
142 263 14
142 268 5
142 274 13
142 276 2
142 282 15
142 288 8
142 289 15
142 296 19
143 9 5
143 15 14
143 35 5
143 38 3
143 47 3
143 56 17
143 70 2
143 80 5
143 84 10
143 99 18
143 109 10
143 124 15
143 150 10
143 152 20
143 206 8
143 216 4
143 242 18
143 259 2
143 269 4
143 291 16
143 292 12
143 298 6
144 18 2
144 29 2
144 34 5
144 35 8
144 54 20
144 68 19
144 89 15
144 93 11
144 116 8
144 118 14
144 135 19
144 139 13
144 148 10
144 154 21
144 166 23
144 179 5
144 187 3
144 188 3
144 190 16
144 207 6
144 215 17
144 228 2
144 238 20
144 246 1
144 278 22
144 280 8
145 11 19
145 29 2
145 33 1
145 41 7
145 52 2
145 54 19
145 65 2
145 79 6
145 81 3
145 103 21
145 114 18
145 130 12
145 133 3
145 148 3
145 155 19
145 160 21
145 167 9
145 171 22
145 179 12
145 182 2
145 186 3
145 189 8
145 194 5
145 198 12
145 208 8
145 210 21
145 216 13
145 225 4
145 236 16
145 238 6
145 251 11
145 264 11
145 265 1
145 283 5
145 296 12
145 300 2
146 6 23
146 36 13
146 44 1
146 56 20
146 73 5
146 78 19
146 92 2
146 99 1
146 101 15
146 108 20
146 127 15
146 128 17
146 158 18
146 171 3
146 177 18
146 184 14
146 201 5
146 228 22
146 234 2
146 254 12
146 259 14
146 266 8
146 269 15
146 283 6
146 290 7
146 303 19
147 6 10
147 17 8
147 37 18
147 38 21
147 44 3
147 46 11
147 66 5
147 86 4
147 101 1
147 109 9
147 114 16
147 123 2
147 126 3
147 137 7
147 146 15
147 158 17
147 189 23
147 195 3
147 204 13
147 209 17
147 214 16
147 220 17
147 222 10
147 223 11
147 238 5
147 246 23
147 247 19
147 251 13
147 253 22
147 257 2
147 280 3
147 300 8
147 302 3
148 13 14
148 14 6
148 23 23
148 24 18
148 26 10
148 31 20
148 40 19
148 52 12
148 62 12
148 64 14
148 66 14
148 88 12
148 114 6
148 119 1
148 121 5
148 124 8
148 133 7
148 137 21
148 143 18
148 164 1
148 190 1
148 216 5
148 235 22
148 264 23
148 274 23
148 276 6
148 284 15
148 289 19
149 8 2
149 10 23
149 13 15
149 26 15
149 69 22
149 82 8
149 89 9
149 93 8
149 101 4
149 103 21
149 110 13
149 141 9
149 146 12
149 147 20
149 149 20
149 150 17
149 170 20
149 174 18
149 201 18
149 202 3
149 209 16
149 213 12
149 216 20
149 217 10
149 222 17
149 229 13
149 235 4
149 259 10
149 262 18
149 298 18
149 299 22
150 11 19
150 28 17
150 40 14
150 43 4
150 47 15
150 64 21
150 91 6
150 98 16
150 101 19
150 139 4
150 170 22
150 179 4
150 192 9
150 194 18
150 226 18
150 231 19
150 236 8
150 246 12
150 251 13
150 260 5
150 265 21
150 268 2
150 281 1
151 10 2
151 18 12
151 47 13
151 69 5
151 106 21
151 110 1
151 116 22
151 140 14
151 144 13
151 193 10
151 208 4
151 221 16
151 228 1
151 239 18
151 247 16
151 248 11
151 251 7
151 283 19
151 285 9
151 288 11
152 10 21
152 27 4
152 73 22
152 79 16
152 85 5
152 91 4
152 93 22
152 121 9
152 130 19
152 145 17
152 166 4
152 175 20
152 178 5
152 186 10
152 193 1
152 195 20
152 204 11
152 208 16
152 211 10
152 228 23
152 231 2
152 232 7
152 250 10
152 286 20
153 7 18
153 17 2
153 19 1
153 24 2
153 30 14
153 32 9
153 50 6
153 60 5
153 71 6
153 72 21
153 76 20
153 81 11
153 93 1
153 96 18
153 97 13
153 100 13
153 101 6
153 117 16
153 121 9
153 127 10
153 139 3
153 151 3
153 155 23
153 164 7
153 165 13
153 166 3
153 180 23
153 207 14
153 217 3
153 218 9
153 226 4
153 242 21
153 246 4
153 256 4
153 262 22
153 266 11
153 272 7
153 275 4
153 294 15
153 295 12
153 297 18
153 298 11
154 3 16
154 20 18
154 38 23
154 43 23
154 71 8
154 76 5
154 82 15
154 102 10
154 106 8
154 116 17
154 137 7
154 140 2
154 154 17
154 157 19
154 162 4
154 166 17
154 175 3
154 206 7
154 210 2
154 215 1
154 231 21
154 233 23
154 236 4
154 238 19
154 257 10
154 260 4
154 262 16
154 299 2
154 300 10
155 1 10
155 10 6
155 44 2
155 49 21
155 52 22
155 58 1
155 60 22
155 62 20
155 63 10
155 64 9
155 66 5
155 85 20
155 89 9
155 98 6
155 109 14
155 117 21
155 149 3
155 154 7
155 160 23
155 175 3
155 184 2
155 185 23
155 205 23
155 209 1
155 231 21
155 235 18
155 238 5
155 244 1
155 249 4
155 256 6
155 259 10
155 271 7
155 274 5
155 286 6
156 12 5
156 37 4
156 38 23
156 40 3
156 78 23
156 85 9
156 88 5
156 102 21
156 104 6
156 130 7
156 142 20
156 143 13
156 159 4
156 162 23
156 163 13
156 169 4
156 172 2
156 177 14
156 179 20
156 185 19
156 190 9
156 193 17
156 201 13
156 217 13
156 234 12
156 251 11
156 257 18
156 275 21
156 290 17
156 301 16
157 10 20
157 11 15
157 26 19
157 46 20
157 52 12
157 75 19
157 84 22
157 87 16
157 113 16
157 122 21
157 128 17
157 156 13
157 158 10
157 167 20
157 174 6
157 184 22
157 195 17
157 210 1
157 211 7
157 237 14
157 242 19
157 265 15
157 277 1
157 283 3
157 291 4
158 14 12
158 17 13
158 19 15
158 34 4
158 48 23
158 53 7
158 56 17
158 64 15
158 65 20
158 75 13
158 78 20
158 92 15
158 120 12
158 128 6
158 133 1
158 141 9
158 159 22
158 191 7
158 194 13
158 205 19
158 251 12
158 256 11
158 267 12
158 274 7
158 301 17
159 7 19
159 20 2
159 23 8
159 29 14
159 32 21
159 46 5
159 62 19
159 67 4
159 79 13
159 90 22
159 93 4
159 97 14
159 103 10
159 111 12
159 132 10
159 158 22
159 169 8
159 199 1
159 204 4
159 205 7
159 211 18
159 226 13
159 236 6
159 247 2
159 262 19
159 269 1
159 270 7
159 289 6
159 290 6
159 296 7
159 303 17
160 8 19
160 9 3
160 49 18
160 53 9
160 57 23
160 76 17
160 79 21
160 80 4
160 92 6
160 94 14
160 99 1
160 110 19
160 113 23
160 121 12
160 147 5
160 170 21
160 180 13
160 184 22
160 187 2
160 207 19
160 210 11
160 213 8
160 215 18
160 216 6
160 239 3
160 248 18
160 253 6
160 256 2
160 261 18
160 289 13
160 290 18
160 301 7
161 12 15
161 24 7
161 25 9
161 47 14
161 56 23
161 66 6
161 72 11
161 75 5
161 89 19
161 108 11
161 123 18
161 140 18
161 141 22
161 145 16
161 159 10
161 161 5
161 163 9
161 175 5
161 177 18
161 195 19
161 203 6
161 229 12
161 236 1
161 253 2
161 254 1
161 275 6
161 292 3
161 300 12
161 303 12
162 14 15
162 19 18
162 21 3
162 28 21
162 31 20
162 33 11
162 38 20
162 58 2
162 65 21
162 83 18
162 111 15
162 119 9
162 123 12
162 131 3
162 132 1
162 136 22
162 138 12
162 139 23
162 142 7
162 145 16
162 146 17
162 168 2
162 189 15
162 224 5
162 240 19
162 244 16
162 263 22
162 264 18
162 266 19
162 279 10
162 291 7
163 2 4
163 20 21
163 26 3
163 34 1
163 38 17
163 42 13
163 65 14
163 84 13
163 109 5
163 117 2
163 120 21
163 123 13
163 128 8
163 130 23
163 154 7
163 157 6
163 177 6
163 188 6
163 189 12
163 207 21
163 226 22
163 230 7
163 239 7
163 240 21
163 245 2
163 264 22
163 291 19
163 292 13
163 296 17
164 27 6
164 33 19
164 37 14
164 46 20
164 57 22
164 58 8
164 69 14
164 82 5
164 95 21
164 128 20
164 130 9
164 132 17
164 144 17
164 166 15
164 180 1
164 196 16
164 205 22
164 206 23
164 212 21
164 226 4
164 239 5
164 245 13
164 258 20
164 273 11
164 280 19
164 303 17
165 11 6
165 22 17
165 45 12
165 49 18
165 51 5
165 65 11
165 68 14
165 69 18
165 82 2
165 116 6
165 126 3
165 129 15
165 142 4
165 145 17
165 153 5
165 160 13
165 161 4
165 186 21
165 193 21
165 195 4
165 197 7
165 287 19
165 293 20
166 8 5
166 16 23
166 21 1
166 54 11
166 55 19
166 58 11
166 63 23
166 65 6
166 76 16
166 78 10
166 101 11
166 106 11
166 121 14
166 124 16
166 125 18
166 127 3
166 139 17
166 161 17
166 191 22
166 228 2
166 231 20
166 236 15
166 238 6
166 240 3
166 253 19
166 285 20
166 301 1
167 6 16
167 19 3
167 21 19
167 27 13
167 31 1
167 32 12
167 34 13
167 52 5
167 53 1
167 59 18
167 60 4
167 71 6
167 80 4
167 84 14
167 96 11
167 100 14
167 104 21
167 109 3
167 123 2
167 133 23
167 162 19
167 193 18
167 202 21
167 219 20
167 246 15
167 247 7
167 257 19
167 267 17
167 273 19
167 284 15
167 289 17
168 27 11
168 42 11
168 44 7
168 47 17
168 48 12
168 61 12
168 63 1
168 73 16
168 87 7
168 92 18
168 96 14
168 109 12
168 122 21
168 124 4
168 137 16
168 156 6
168 158 1
168 162 18
168 163 7
168 171 18
168 172 7
168 178 2
168 191 9
168 193 3
168 194 10
168 199 15
168 214 15
168 241 3
168 244 10
168 251 6
168 254 14
168 257 15
168 286 11
168 298 14
168 300 8
168 302 22
168 303 2
169 1 2
169 3 8
169 62 8
169 72 19
169 90 21
169 92 14
169 101 11
169 111 18
169 114 6
169 140 10
169 146 13
169 149 18
169 179 16
169 201 7
169 209 1
169 212 11
169 230 9
169 238 21
169 239 20
169 243 1
169 263 12
169 273 17
169 286 4
169 290 12
169 291 7
169 296 18
169 299 22
169 300 20
170 5 20
170 29 14
170 38 21
170 40 21
170 42 21
170 43 23
170 59 11
170 63 13
170 149 13
170 150 21
170 178 1
170 190 12
170 196 1
170 206 13
170 210 6
170 213 10
170 230 13
170 231 7
170 235 21
170 251 22
170 260 4
170 301 11
171 1 22
171 16 15
171 18 4
171 20 2
171 26 20
171 32 4
171 41 14
171 64 18
171 87 23
171 99 10
171 125 2
171 126 15
171 143 7
171 166 17
171 191 8
171 198 11
171 210 6
171 215 20
171 238 8
171 246 6
171 249 2
171 253 2
171 259 19
171 263 8
172 6 12
172 15 2
172 17 8
172 31 9
172 32 23
172 37 11
172 46 13
172 60 21
172 63 19
172 79 17
172 88 17
172 98 10
172 99 20
172 100 1
172 122 21
172 137 14
172 156 10
172 161 23
172 173 5
172 177 10
172 188 16
172 193 6
172 224 21
172 225 15
172 244 2
172 249 22
172 253 20
172 264 20
172 265 18
172 297 9
173 24 4
173 35 6
173 38 11
173 52 5
173 59 8
173 75 10
173 88 9
173 93 20
173 117 2
173 118 22
173 121 7
173 142 12
173 172 8
173 228 21
173 238 12
173 240 5
173 245 11
173 251 15
173 274 21
173 276 9
173 280 1
173 291 13
174 8 14
174 25 15
174 49 4
174 66 9
174 132 8
174 142 18
174 153 5
174 167 19
174 171 20
174 185 3
174 204 1
174 228 7
174 230 7
174 232 8
174 237 11
174 240 10
174 249 21
174 250 6
174 255 8
174 286 22
174 295 17
175 11 15
175 12 19
175 21 5
175 26 13
175 30 23
175 32 13
175 50 11
175 74 8
175 84 7
175 94 23
175 116 15
175 143 22
175 145 21
175 147 17
175 154 23
175 158 15
175 164 15
175 165 18
175 168 5
175 169 17
175 171 12
175 183 6
175 189 18
175 190 13
175 205 16
175 212 4
175 265 10
175 273 15
175 277 5
175 291 8
176 25 8
176 29 13
176 31 3
176 33 6
176 77 2
176 96 19
176 99 18
176 105 12
176 113 20
176 145 1
176 161 6
176 173 11
176 177 16
176 182 20
176 206 21
176 210 9
176 227 5
176 232 13
176 233 20
176 286 9
176 287 23
176 292 8
177 2 14
177 8 17
177 31 14
177 34 23
177 54 14
177 68 1
177 77 14
177 82 12
177 88 2
177 101 15
177 106 1
177 124 22
177 137 14
177 176 3
177 194 17
177 203 2
177 205 8
177 213 14
177 215 20
177 228 7
177 247 18
177 264 6
177 276 3
177 288 16
177 291 9
177 302 1
178 4 5
178 15 5
178 38 10
178 42 4
178 43 7
178 57 23
178 75 15
178 86 20
178 89 17
178 126 22
178 131 14
178 138 1
178 152 11
178 154 16
178 165 16
178 179 11
178 184 14
178 191 23
178 192 7
178 193 1
178 213 2
178 220 15
178 227 14
178 243 21
178 294 15
178 298 9
178 301 20
178 303 12
179 10 18
179 12 5
179 21 12
179 35 16
179 38 4
179 46 21
179 97 19
179 110 4
179 147 15
179 153 4
179 155 23
179 159 8
179 160 20
179 166 8
179 214 8
179 261 7
179 266 17
179 272 17
179 273 11
179 276 1
179 279 17
179 282 18
180 1 1
180 14 12
180 28 3
180 44 9
180 45 3
180 46 11
180 59 17
180 62 22
180 69 22
180 73 5
180 152 4
180 166 11
180 171 20
180 176 7
180 211 8
180 214 9
180 225 10
180 237 16
180 248 7
180 249 3
180 250 17
180 254 3
180 257 4
180 261 19
180 263 3
180 267 20
180 270 12
180 276 13
180 280 20
180 297 22
180 299 1
181 2 21
181 10 10
181 11 20
181 14 6
181 17 12
181 21 8
181 28 16
181 34 5
181 37 6
181 41 14
181 43 8
181 66 10
181 74 10
181 99 8
181 108 18
181 126 18
181 144 11
181 161 4
181 183 18
181 196 7
181 198 21
181 201 20
181 211 11
181 218 16
181 228 22
181 246 7
181 248 4
181 258 6
181 272 4
181 281 20
181 283 23
181 291 18
181 292 6
181 297 20
182 7 17
182 15 12
182 30 21
182 33 3
182 40 16
182 45 20
182 49 16
182 57 17
182 65 7
182 77 2
182 85 1
182 106 18
182 110 13
182 123 5
182 126 21
182 137 8
182 143 11
182 152 18
182 164 21
182 166 21
182 169 10
182 199 20
182 208 22
182 219 8
182 223 2
182 224 19
182 237 4
182 241 18
182 256 13
182 262 3
182 264 14
182 272 23
182 287 8
182 301 5
183 1 2
183 12 17
183 19 2
183 23 17
183 27 10
183 31 2
183 36 12
183 42 4
183 47 19
183 55 1
183 61 2
183 66 16
183 69 2
183 73 13
183 75 5
183 77 23
183 99 10
183 103 8
183 107 13
183 122 8
183 129 15
183 147 8
183 151 20
183 157 12
183 158 2
183 164 9
183 184 9
183 191 16
183 195 2
183 198 10
183 200 14
183 232 3
183 233 4
183 257 9
183 260 19
183 271 13
183 279 10
183 296 1
183 303 11
184 5 5
184 12 19
184 36 12
184 40 15
184 82 20
184 98 1
184 100 19
184 104 13
184 109 5
184 111 3
184 122 2
184 143 6
184 156 12
184 157 9
184 170 3
184 178 17
184 192 11
184 214 5
184 250 2
184 256 20
184 267 7
184 281 12
184 284 4
184 296 3
185 3 15
185 4 13
185 8 16
185 9 21
185 15 22
185 25 16
185 43 2
185 45 4
185 54 11
185 66 8
185 86 18
185 101 2
185 108 2
185 126 7
185 128 14
185 133 23
185 150 9
185 152 16
185 160 23
185 161 14
185 174 18
185 176 19
185 185 8
185 219 22
185 229 23
185 265 3
185 277 12
186 17 23
186 34 14
186 37 16
186 45 20
186 52 22
186 62 5
186 121 12
186 123 14
186 126 3
186 128 4
186 143 9
186 146 23
186 148 15
186 152 16
186 168 11
186 198 10
186 199 12
186 207 17
186 213 23
186 220 11
186 222 20
186 251 9
186 254 10
186 256 10
186 267 21
186 268 5
186 272 11
186 275 19
186 279 22
186 289 14
187 2 8
187 3 21
187 13 21
187 22 17
187 24 17
187 25 14
187 35 21
187 45 22
187 48 21
187 61 17
187 72 3
187 87 23
187 91 17
187 97 11
187 102 16
187 110 4
187 128 20
187 151 4
187 178 15
187 200 13
187 223 8
187 225 11
187 242 22
187 249 18
187 251 14
187 256 13
187 257 22
187 269 19
187 274 8
187 297 20
188 8 9
188 25 9
188 57 12
188 77 23
188 126 2
188 137 22
188 151 7
188 161 16
188 172 21
188 183 4
188 187 10
188 209 17
188 238 4
188 248 3
188 252 21
188 261 13
188 279 23
188 280 17
188 281 10
188 283 8
188 289 23
188 297 17
188 299 12
189 11 15
189 17 5
189 26 20
189 29 4
189 39 21
189 51 15
189 79 12
189 87 11
189 92 17
189 112 14
189 115 22
189 129 16
189 130 16
189 136 15
189 141 23
189 142 8
189 146 6
189 147 20
189 154 11
189 170 16
189 196 17
189 218 7
189 241 13
189 276 6
189 280 7
189 281 23
189 282 9
189 289 8
189 301 22
190 6 20
190 12 20
190 38 14
190 56 1
190 60 16
190 61 17
190 68 21
190 79 7
190 80 22
190 82 9
190 88 17
190 90 13
190 92 1
190 120 9
190 126 5
190 140 9
190 171 2
190 175 6
190 201 8
190 208 16
190 215 11
190 226 23
190 229 9
190 271 17
190 274 12
190 286 9
190 289 17
190 290 11
191 13 17
191 24 2
191 27 10
191 51 13
191 54 21
191 75 23
191 82 14
191 90 7
191 113 10
191 119 5
191 125 7
191 148 9
191 149 7
191 159 23
191 166 21
191 170 2
191 178 2
191 180 19
191 204 10
191 206 21
191 221 18
191 224 18
191 232 13
191 236 5
191 257 17
191 279 21
191 282 22
191 288 6
191 293 6
191 300 15
192 23 10
192 42 23
192 55 16
192 105 19
192 111 6
192 119 7
192 129 12
192 162 13
192 167 13
192 172 22
192 177 12
192 184 19
192 188 7
192 202 18
192 214 12
192 222 4
192 226 19
192 239 14
192 246 16
192 256 6
192 260 11
192 284 10
193 14 17
193 21 23
193 26 15
193 40 4
193 44 14
193 45 13
193 48 3
193 50 14
193 77 4
193 87 13
193 89 7
193 92 14
193 117 2
193 123 12
193 140 20
193 143 14
193 163 2
193 171 10
193 174 6
193 175 7
193 183 22
193 188 12
193 206 1
193 235 11
193 241 9
193 245 20
193 252 18
193 258 1
193 264 19
193 275 22
193 295 4
193 296 6
193 298 15
194 7 18
194 10 9
194 22 5
194 25 7
194 27 12
194 29 18
194 31 5
194 69 1
194 71 1
194 82 18
194 93 19
194 104 7
194 112 8
194 116 9
194 136 2
194 148 11
194 156 8
194 175 8
194 200 4
194 201 13
194 202 8
194 223 8
194 227 15
194 238 21
194 246 2
194 268 9
194 271 10
194 285 23
194 290 13
194 297 15
195 2 8
195 8 7
195 10 18
195 37 12
195 42 8
195 64 6
195 78 1
195 83 6
195 106 23
195 126 1
195 135 17
195 139 18
195 140 1
195 152 1
195 155 21
195 156 2
195 157 6
195 165 22
195 183 9
195 215 9
195 220 12
195 223 17
195 227 16
195 255 3
195 265 8
195 271 11
195 274 12
195 279 18
195 294 4
196 11 18
196 15 3
196 32 11
196 39 1
196 52 20
196 54 16
196 60 2
196 80 19
196 89 16
196 93 1
196 106 18
196 112 11
196 119 17
196 125 7
196 143 11
196 144 12
196 150 21
196 151 13
196 187 17
196 206 19
196 215 21
196 232 2
196 233 1
196 237 8
196 238 11
196 242 4
196 244 16
196 253 21
196 255 9
196 262 10
196 268 18
196 294 3
196 301 6
196 302 5
197 3 20
197 11 3
197 20 20
197 29 16
197 32 21
197 34 7
197 36 16
197 76 10
197 105 17
197 107 10
197 122 10
197 154 4
197 156 21
197 158 1
197 170 10
197 191 8
197 203 13
197 206 8
197 207 3
197 213 14
197 254 15
197 257 13
197 275 11
197 282 1
197 294 4
198 3 13
198 5 4
198 8 21
198 25 15
198 36 10
198 45 19
198 53 5
198 95 12
198 108 9
198 117 20
198 124 3
198 126 15
198 128 13
198 138 6
198 146 8
198 167 22
198 180 15
198 193 6
198 200 13
198 214 9
198 241 15
198 255 20
198 264 22
198 272 16
198 279 22
198 280 6
198 290 2
198 295 5
198 297 16
199 39 2
199 45 8
199 46 5
199 50 6
199 66 22
199 78 13
199 80 9
199 90 17
199 94 17
199 102 14
199 123 2
199 125 8
199 126 16
199 128 11
199 129 20
199 130 16
199 156 18
199 164 12
199 175 7
199 186 17
199 190 18
199 229 10
199 245 3
199 246 8
199 261 8
199 269 18
199 287 6
199 288 13
199 289 19
200 5 4
200 24 22
200 41 21
200 43 11
200 54 20
200 59 20
200 90 3
200 102 9
200 111 22
200 137 19
200 157 19
200 165 12
200 201 14
200 229 20
200 233 21
200 236 1
200 238 16
200 246 13
200 278 13
200 290 21
201 12 14
201 17 23
201 19 9
201 24 23
201 39 2
201 41 16
201 43 1
201 54 20
201 61 15
201 63 13
201 78 15
201 79 18
201 106 11
201 109 6
201 125 22
201 136 7
201 157 19
201 179 1
201 181 9
201 203 17
201 205 13
201 209 21
201 213 5
201 224 21
201 234 18
201 240 20
201 245 15
201 277 4
201 280 9
202 5 4
202 17 19
202 18 16
202 27 21
202 31 4
202 45 15
202 54 22
202 70 20
202 81 15
202 87 12
202 90 5
202 94 21
202 107 4
202 148 23
202 184 2
202 186 3
202 194 15
202 199 2
202 202 22
202 204 10
202 225 10
202 237 9
202 283 22
202 285 8
202 289 8
202 298 19
203 6 19
203 8 4
203 21 5
203 24 22
203 39 6
203 44 8
203 47 17
203 58 22
203 78 22
203 81 15
203 91 7
203 120 21
203 124 11
203 129 16
203 136 9
203 137 9
203 148 13
203 173 6
203 190 2
203 196 15
203 208 3
203 228 17
203 240 16
203 244 18
203 249 3
203 254 20
203 280 3
203 295 18
203 298 21
203 299 4
203 300 8
204 15 16
204 27 7
204 34 12
204 36 8
204 48 13
204 51 13
204 56 2
204 68 5
204 71 12
204 92 16
204 104 11
204 112 3
204 122 20
204 127 3
204 130 11
204 132 5
204 140 10
204 152 11
204 160 1
204 170 1
204 182 13
204 197 17
204 202 10
204 215 1
204 219 13
204 226 6
204 227 3
204 230 7
204 233 3
204 236 7
204 257 8
204 259 12
204 267 7
204 272 19
204 275 20
204 291 13
204 302 9
205 1 15
205 6 17
205 29 14
205 31 1
205 36 22
205 40 16
205 59 14
205 76 18
205 88 20
205 89 12
205 111 4
205 113 7
205 114 12
205 132 21
205 145 13
205 157 5
205 164 8
205 173 13
205 175 17
205 187 7
205 227 10
205 228 18
205 234 4
205 237 10
205 256 2
205 257 15
205 280 16
205 303 15
206 2 5
206 5 23
206 7 23
206 23 19
206 24 10
206 33 13
206 54 19
206 64 8
206 103 22
206 124 9
206 133 20
206 141 18
206 146 15
206 150 17
206 152 19
206 157 3
206 159 15
206 166 8
206 168 8
206 175 16
206 202 15
206 206 18
206 207 22
206 221 18
206 244 6
206 256 2
206 259 4
206 266 2
206 281 11
206 285 13
206 299 16
207 3 15
207 10 12
207 15 9
207 25 11
207 28 22
207 48 15
207 78 23
207 81 23
207 86 13
207 115 3
207 144 19
207 146 7
207 167 17
207 168 13
207 175 2
207 194 19
207 196 21
207 210 4
207 229 20
207 256 13
207 263 18
207 281 9
207 293 11
207 295 6
208 1 14
208 14 7
208 17 9
208 48 15
208 53 17
208 57 21
208 79 1
208 88 8
208 101 4
208 106 9
208 111 18
208 115 19
208 130 23
208 135 12
208 138 18
208 149 12
208 160 14
208 172 8
208 187 13
208 206 1
208 222 14
208 226 8
208 228 19
208 240 5
208 248 11
208 256 10
208 265 17
208 269 22
208 285 18
209 22 21
209 36 4
209 52 8
209 53 4
209 59 6
209 98 17
209 100 20
209 135 21
209 152 11
209 157 5
209 169 1
209 171 20
209 192 16
209 204 19
209 216 13
209 225 4
209 227 7
209 236 2
209 239 11
209 242 8
209 265 8
210 2 11
210 3 15
210 28 15
210 37 1
210 49 19
210 54 20
210 58 10
210 60 6
210 65 12
210 83 4
210 97 4
210 106 10
210 111 5
210 117 7
210 141 15
210 143 15
210 159 21
210 168 12
210 177 3
210 178 2
210 179 6
210 193 22
210 194 11
210 197 18
210 232 11
210 233 15
210 260 19
210 269 6
210 281 19
210 299 20
210 301 7
211 4 7
211 28 12
211 42 16
211 54 7
211 78 1
211 88 6
211 90 16
211 98 7
211 100 17
211 104 19
211 110 4
211 144 20
211 154 17
211 187 4
211 190 12
211 213 9
211 222 1
211 234 17
211 237 11
211 255 2
211 261 23
211 269 3
211 273 13
211 280 11
211 299 7
212 6 21
212 14 6
212 29 7
212 38 16
212 48 3
212 51 13
212 107 16
212 173 8
212 207 5
212 215 22
212 226 2
212 256 4
212 257 8
212 279 2
212 282 21
212 285 3
212 292 5
212 295 17
213 39 14
213 40 3
213 50 22
213 62 22
213 74 3
213 86 10
213 87 9
213 94 22
213 107 9
213 113 5
213 123 5
213 146 13
213 147 11
213 148 19
213 162 13
213 166 17
213 193 11
213 196 9
213 204 1
213 244 21
213 252 16
213 287 22
213 300 19
213 301 11
214 2 3
214 18 4
214 29 13
214 38 17
214 68 23
214 84 11
214 95 4
214 99 13
214 123 13
214 130 3
214 137 5
214 142 10
214 150 6
214 167 7
214 199 8
214 212 14
214 224 11
214 239 6
214 250 20
214 254 16
214 256 1
214 264 9
214 271 3
214 272 5
214 285 17
214 297 3
215 20 2
215 47 3
215 54 2
215 64 21
215 82 14
215 90 21
215 96 18
215 118 20
215 119 14
215 122 11
215 125 1
215 139 11
215 148 18
215 154 14
215 165 7
215 166 22
215 197 23
215 224 12
215 238 23
215 243 1
215 249 19
215 259 10
215 264 6
215 271 16
216 2 2
216 4 6
216 5 18
216 23 5
216 29 10
216 35 12
216 47 1
216 50 12
216 67 8
216 88 19
216 98 3
216 102 15
216 110 16
216 117 14
216 125 5
216 137 23
216 142 18
216 173 6
216 190 5
216 205 12
216 210 19
216 214 11
216 234 5
216 238 12
216 266 23
216 271 4
216 284 6
216 285 12
217 8 7
217 9 11
217 32 4
217 34 3
217 38 10
217 39 16
217 50 7
217 61 13
217 64 21
217 67 1
217 88 18
217 100 5
217 121 20
217 124 20
217 145 14
217 148 6
217 160 4
217 180 18
217 182 23
217 191 22
217 196 23
217 197 4
217 214 4
217 244 12
217 253 14
217 265 8
217 270 17
217 276 7
217 279 5
217 281 22
217 288 19
218 14 12
218 17 3
218 18 16
218 21 14
218 35 12
218 48 8
218 67 14
218 73 19
218 80 5
218 81 14
218 103 13
218 111 4
218 132 4
218 172 10
218 192 17
218 193 4
218 195 7
218 204 11
218 221 3
218 222 5
218 233 11
218 241 6
218 253 9
218 254 16
218 270 13
218 296 10
218 300 10
219 6 14
219 12 15
219 15 8
219 17 9
219 27 3
219 35 11
219 41 18
219 116 10
219 131 16
219 134 20
219 143 23
219 168 5
219 179 18
219 185 7
219 189 18
219 191 21
219 205 5
219 215 21
219 218 14
219 222 8
219 223 4
219 237 19
219 251 10
219 261 9
219 273 23
219 274 9
219 294 11
220 6 15
220 15 21
220 17 20
220 50 1
220 58 11
220 64 11
220 82 9
220 84 13
220 87 7
220 89 13
220 95 2
220 102 10
220 120 22
220 131 21
220 133 9
220 135 4
220 193 15
220 195 10
220 212 21
220 215 13
220 217 8
220 242 12
220 243 20
220 247 15
220 283 15
220 286 15
220 292 1
221 9 17
221 22 14
221 30 3
221 40 4
221 41 6
221 42 17
221 61 18
221 68 23
221 87 5
221 88 22
221 94 8
221 101 11
221 102 6
221 122 14
221 142 6
221 186 15
221 198 7
221 208 3
221 225 18
221 233 10
221 235 12
221 246 21
221 247 1
221 250 18
221 277 5
221 296 12
222 1 8
222 16 19
222 33 20
222 35 17
222 46 13
222 55 14
222 60 1
222 73 15
222 78 11
222 82 23
222 87 8
222 96 5
222 112 23
222 115 6
222 123 4
222 128 1
222 131 11
222 132 3
222 137 15
222 144 16
222 153 11
222 180 21
222 204 13
222 209 5
222 215 1
222 224 1
222 226 19
222 235 18
222 245 12
222 261 23
222 284 23
222 288 19
222 297 12
223 29 19
223 31 12
223 36 18
223 41 9
223 52 13
223 54 3
223 62 14
223 89 12
223 92 5
223 97 12
223 123 11
223 124 4
223 137 15
223 153 12
223 158 14
223 165 11
223 170 20
223 173 1
223 188 22
223 204 11
223 215 7
223 217 20
223 219 5
223 228 7
223 260 16
223 274 22
223 295 12
223 298 9
224 2 21
224 21 7
224 29 15
224 37 10
224 40 13
224 50 9
224 85 13
224 91 2
224 98 12
224 117 3
224 153 7
224 162 16
224 165 14
224 167 12
224 174 13
224 188 23
224 189 17
224 193 4
224 210 10
224 216 13
224 223 21
224 226 2
224 228 17
224 254 4
224 269 22
224 272 21
224 285 4
224 297 8
225 2 19
225 10 15
225 24 10
225 38 10
225 41 15
225 96 1
225 101 19
225 111 4
225 135 4
225 139 8
225 172 22
225 183 15
225 194 4
225 199 23
225 208 1
225 210 18
225 225 11
225 233 13
225 241 11
225 243 4
225 249 10
226 12 20
226 19 10
226 23 1
226 47 16
226 52 3
226 57 4
226 69 14
226 70 23
226 85 1
226 90 15
226 93 12
226 97 15
226 121 18
226 126 21
226 149 1
226 158 13
226 162 10
226 184 21
226 188 16
226 191 12
226 193 14
226 196 1
226 203 15
226 207 13
226 213 18
226 228 3
226 243 23
226 259 7
226 264 13
226 286 20
227 3 11
227 15 10
227 26 6
227 28 11
227 38 2
227 52 8
227 65 9
227 68 9
227 69 1
227 75 9
227 83 17
227 97 12
227 122 18
227 126 5
227 129 3
227 130 12
227 131 17
227 132 12
227 133 9
227 137 9
227 150 17
227 160 22
227 169 9
227 171 9
227 180 5
227 186 3
227 190 11
227 191 4
227 199 4
227 203 1
227 204 23
227 229 8
227 230 4
227 260 22
227 262 12
227 276 22
227 279 6
227 298 14
227 303 1
228 13 6
228 34 17
228 36 17
228 44 11
228 49 11
228 54 21
228 58 13
228 63 16
228 70 9
228 117 19
228 131 1
228 139 17
228 141 12
228 165 17
228 170 20
228 185 14
228 194 21
228 207 16
228 293 2
228 300 19
229 31 13
229 41 19
229 46 12
229 70 20
229 77 22
229 110 11
229 131 3
229 142 20
229 143 10
229 169 16
229 172 14
229 181 10
229 191 3
229 197 7
229 233 20
229 239 13
229 244 21
229 251 4
229 253 5
229 275 6
229 279 22
230 7 23
230 8 17
230 35 4
230 50 16
230 51 7
230 78 18
230 90 7
230 94 22
230 109 13
230 121 2
230 145 12
230 158 8
230 161 14
230 178 2
230 184 6
230 187 18
230 198 21
230 230 19
230 236 4
230 239 8
230 241 9
230 249 13
230 250 10
230 254 9
230 265 4
230 272 17
230 274 23
230 278 7
230 286 15
231 5 23
231 10 22
231 11 14
231 21 10
231 37 19
231 52 23
231 59 16
231 60 13
231 74 1
231 79 14
231 89 2
231 102 2
231 119 19
231 134 3
231 138 9
231 140 15
231 143 8
231 162 3
231 164 12
231 166 20
231 172 7
231 201 13
231 210 22
231 213 13
231 232 23
231 245 1
231 264 16
231 265 16
231 269 18
231 279 16
231 285 7
232 3 17
232 5 8
232 17 15
232 26 3
232 28 4
232 63 8
232 97 12
232 101 10
232 110 8
232 128 19
232 132 12
232 146 4
232 149 9
232 152 14
232 153 12
232 159 23
232 186 16
232 210 15
232 221 5
232 227 6
232 267 15
232 272 18
232 285 22
232 287 4
232 296 11
233 1 22
233 23 14
233 43 20
233 52 10
233 58 23
233 62 20
233 67 3
233 81 8
233 89 11
233 97 22
233 110 5
233 114 13
233 116 4
233 122 14
233 127 20
233 128 23
233 139 19
233 144 23
233 146 8
233 147 4
233 149 6
233 180 1
233 182 13
233 184 14
233 202 22
233 259 18
233 261 5
233 269 10
233 288 16
233 298 2
233 303 20
234 5 9
234 16 9
234 41 16
234 72 18
234 83 9
234 102 13
234 120 15
234 124 10
234 125 17
234 129 7
234 142 8
234 143 6
234 165 11
234 185 21
234 186 20
234 190 4
234 211 17
234 223 13
234 226 5
234 237 14
234 254 18
234 262 5
234 264 3
234 276 2
234 288 3
234 290 20
235 18 6
235 24 13
235 26 7
235 27 2
235 33 3
235 37 9
235 46 10
235 49 19
235 51 20
235 64 12
235 87 2
235 88 5
235 91 15
235 104 12
235 106 12
235 109 22
235 114 18
235 119 16
235 127 20
235 146 8
235 147 19
235 153 7
235 159 14
235 185 23
235 230 14
235 241 9
235 258 21
235 262 16
235 289 10
235 295 17
235 297 6
236 54 10
236 64 6
236 99 12
236 103 11
236 106 9
236 109 14
236 125 14
236 127 21
236 161 5
236 164 3
236 165 16
236 170 9
236 174 17
236 207 4
236 219 14
236 275 16
236 276 15
236 292 6
236 298 6
237 25 16
237 49 18
237 69 6
237 87 7
237 91 11
237 101 19
237 111 15
237 150 2
237 153 5
237 163 18
237 169 19
237 173 10
237 216 21
237 228 18
237 246 16
237 254 2
237 255 20
237 261 6
238 6 16
238 7 17
238 19 10
238 31 12
238 56 3
238 71 13
238 91 5
238 93 7
238 97 3
238 99 14
238 106 15
238 107 3
238 120 13
238 137 8
238 138 14
238 144 12
238 147 14
238 182 2
238 196 1
238 202 22
238 207 20
238 235 5
238 238 10
238 250 15
238 281 15
238 283 2
238 297 10
238 299 7
239 3 3
239 14 6
239 15 6
239 24 18
239 27 17
239 62 10
239 67 23
239 75 13
239 79 22
239 89 22
239 90 13
239 108 18
239 116 12
239 119 5
239 160 20
239 164 19
239 171 6
239 172 11
239 174 1
239 211 13
239 216 6
239 275 2
239 280 11
239 282 19
239 283 6
239 284 14
239 289 11
239 290 20
240 1 15
240 16 14
240 38 20
240 40 12
240 44 13
240 48 3
240 50 23
240 69 6
240 122 12
240 170 23
240 173 13
240 198 4
240 203 21
240 225 2
240 228 21
240 297 3
240 298 6
241 2 18
241 11 15
241 14 5
241 18 22
241 25 16
241 36 17
241 42 21
241 47 17
241 56 4
241 86 16
241 90 22
241 91 12
241 101 20
241 109 13
241 122 20
241 133 10
241 138 9
241 146 8
241 160 17
241 165 11
241 167 8
241 180 16
241 188 16
241 190 7
241 200 5
241 217 19
241 254 4
241 257 7
242 11 11
242 12 23
242 30 6
242 44 22
242 46 15
242 51 11
242 56 20
242 70 7
242 100 4
242 111 11
242 115 23
242 131 2
242 154 20
242 167 15
242 178 13
242 182 11
242 207 4
242 213 9
242 218 20
242 243 13
242 255 17
242 275 7
242 278 17
242 288 18
243 10 23
243 42 4
243 64 1
243 84 4
243 87 16
243 91 21
243 96 10
243 109 3
243 116 20
243 131 16
243 145 1
243 146 11
243 149 20
243 152 14
243 153 17
243 154 23
243 158 1
243 164 10
243 167 1
243 176 15
243 182 2
243 183 7
243 185 2
243 193 5
243 197 10
243 213 15
243 228 11
243 238 20
243 239 22
243 244 22
243 273 14
243 290 21
244 1 2
244 12 14
244 15 18
244 18 17
244 21 5
244 23 5
244 26 14
244 38 1
244 41 14
244 61 14
244 64 6
244 70 10
244 98 5
244 105 16
244 106 3
244 123 22
244 124 3
244 142 4
244 153 13
244 180 4
244 197 4
244 217 8
244 231 2
244 257 13
244 277 23
245 10 7
245 24 9
245 31 21
245 38 22
245 45 22
245 46 12
245 49 23
245 55 6
245 60 6
245 76 10
245 78 4
245 82 4
245 90 23
245 100 5
245 105 11
245 116 8
245 119 4
245 120 20
245 127 12
245 130 19
245 134 17
245 166 10
245 171 21
245 174 14
245 177 17
245 189 18
245 202 17
245 214 1
245 238 20
245 245 1
245 246 23
245 251 20
245 289 9
245 290 14
245 296 18
246 30 2
246 31 19
246 63 11
246 73 1
246 85 2
246 96 14
246 110 5
246 115 22
246 120 8
246 125 3
246 130 10
246 147 15
246 151 6
246 161 23
246 164 3
246 178 1
246 207 16
246 226 6
246 240 16
246 248 23
246 252 16
246 257 10
246 263 17
246 273 17
246 279 23
246 288 17
247 13 10
247 14 19
247 18 19
247 19 18
247 61 13
247 90 14
247 129 7
247 132 17
247 149 9
247 172 8
247 192 8
247 193 7
247 205 1
247 222 15
247 248 9
247 252 10
247 259 6
247 277 8
247 280 3
247 283 2
247 302 8
248 15 13
248 26 1
248 36 23
248 37 12
248 40 17
248 69 4
248 79 22
248 82 4
248 90 3
248 92 15
248 135 7
248 172 22
248 181 5
248 218 1
248 228 5
248 232 12
248 233 8
248 242 22
248 249 20
248 251 9
248 258 6
248 260 20
248 264 3
248 279 14
248 299 5
249 13 6
249 19 19
249 43 6
249 76 9
249 79 14
249 80 8
249 81 15
249 82 14
249 92 1
249 97 3
249 107 1
249 133 4
249 147 2
249 162 4
249 168 7
249 170 10
249 176 11
249 177 22
249 195 8
249 203 5
249 205 3
249 210 20
249 220 6
249 238 1
249 241 10
249 281 9
249 285 23
249 298 7
249 299 11
250 32 7
250 43 5
250 54 17
250 81 19
250 90 11
250 96 19
250 128 9
250 140 18
250 146 10
250 148 17
250 154 18
250 195 12
250 207 17
250 210 16
250 211 7
250 224 21
250 225 22
250 231 17
250 248 2
250 259 20
250 261 18
250 272 6
250 300 16
251 15 14
251 16 6
251 19 11
251 42 18
251 72 14
251 95 4
251 124 18
251 134 1
251 159 11
251 169 22
251 177 11
251 184 6
251 185 3
251 203 6
251 212 15
251 226 14
251 261 15
251 269 2
251 276 3
251 281 21
251 289 18
251 295 18
251 296 21
252 16 9
252 26 16
252 50 14
252 56 10
252 92 6
252 95 3
252 111 10
252 115 21
252 122 10
252 127 15
252 135 8
252 159 4
252 178 22
252 181 12
252 182 21
252 203 22
252 217 16
252 221 14
252 227 4
252 246 21
252 260 16
252 273 9
252 277 6
252 284 7
252 295 18
253 2 7
253 5 9
253 71 9
253 72 19
253 83 3
253 93 6
253 107 4
253 109 12
253 118 14
253 120 8
253 121 11
253 128 16
253 143 11
253 178 8
253 181 2
253 183 19
253 190 10
253 205 23
253 214 17
253 215 15
253 236 20
253 246 9
253 247 7
253 283 10
253 295 12
253 301 4
253 302 20
254 2 15
254 18 4
254 20 20
254 47 9
254 59 10
254 76 5
254 84 17
254 95 22
254 117 1
254 124 16
254 125 20
254 128 6
254 155 6
254 170 4
254 171 16
254 178 15
254 190 8
254 198 17
254 199 17
254 202 3
254 210 20
254 216 16
254 217 19
254 227 11
254 229 6
254 236 21
254 243 11
254 247 10
254 253 10
254 257 9
254 266 23
254 273 1
254 294 12
254 295 19
255 23 3
255 27 15
255 34 17
255 49 13
255 52 14
255 60 17
255 71 5
255 82 10
255 86 16
255 94 5
255 101 7
255 117 2
255 156 19
255 162 14
255 164 18
255 182 6
255 203 10
255 208 15
255 212 15
255 225 22
255 229 19
255 230 15
255 232 19
255 233 7
255 241 1
255 244 22
255 257 9
255 266 23
255 278 22
255 291 20
255 300 12
256 6 1
256 8 5
256 29 5
256 31 7
256 32 12
256 53 15
256 79 12
256 81 15
256 100 7
256 117 10
256 119 21
256 129 8
256 145 5
256 162 5
256 166 19
256 181 5
256 213 8
256 216 4
256 228 13
256 268 6
256 272 23
257 11 4
257 26 19
257 29 23
257 36 21
257 60 17
257 67 8
257 95 14
257 106 10
257 112 21
257 117 2
257 119 4
257 130 2
257 136 6
257 137 11
257 144 8
257 166 20
257 176 16
257 197 22
257 204 20
257 219 2
257 221 14
257 232 21
257 235 23
257 252 12
257 258 17
257 262 4
257 266 20
257 268 20
257 276 11
257 290 19
257 291 13
257 302 14
258 1 14
258 3 6
258 4 12
258 50 8
258 60 13
258 104 2
258 122 11
258 127 4
258 130 21
258 131 14
258 143 23
258 148 3
258 158 1
258 160 7
258 162 17
258 187 16
258 210 5
258 212 7
258 223 17
258 252 12
258 269 5
258 276 17
259 13 1
259 15 21
259 19 14
259 34 20
259 46 11
259 47 1
259 57 15
259 71 1
259 73 9
259 76 23
259 78 6
259 95 14
259 96 7
259 100 13
259 110 15
259 134 11
259 157 10
259 181 6
259 198 1
259 209 9
259 224 9
259 236 2
259 243 9
259 265 19
259 298 11
259 300 8
260 12 2
260 28 5
260 35 19
260 42 6
260 57 15
260 61 19
260 65 20
260 74 5
260 110 9
260 117 2
260 156 23
260 170 1
260 191 2
260 209 8
260 239 23
260 249 1
260 266 21
260 269 23
260 273 7
260 276 6
260 301 10
261 2 17
261 13 12
261 22 4
261 70 19
261 76 14
261 91 5
261 94 5
261 114 3
261 129 16
261 133 12
261 134 21
261 142 14
261 193 1
261 200 21
261 210 5
261 215 20
261 224 17
261 245 3
261 246 5
261 257 18
261 259 19
261 262 22
261 270 13
261 275 3
261 280 15
262 11 8
262 25 17
262 29 8
262 37 14
262 50 17
262 52 11
262 66 1
262 97 22
262 124 15
262 127 20
262 132 6
262 137 19
262 159 18
262 167 8
262 184 5
262 209 23
262 211 5
262 220 18
262 228 23
262 278 2
262 280 16
262 290 13
262 295 13
263 14 13
263 21 12
263 42 1
263 51 8
263 63 10
263 76 14
263 77 5
263 79 2
263 89 21
263 103 21
263 121 3
263 126 5
263 128 8
263 140 14
263 151 6
263 178 6
263 201 5
263 211 2
263 223 5
263 224 17
263 232 19
263 253 12
263 263 22
263 277 12
263 283 11
263 287 10
263 291 11
264 3 6
264 15 20
264 17 18
264 21 18
264 51 9
264 75 6
264 76 19
264 85 16
264 104 15
264 106 3
264 116 20
264 125 10
264 138 17
264 139 12
264 140 13
264 143 21
264 148 19
264 157 20
264 160 3
264 164 19
264 171 1
264 182 4
264 185 23
264 188 11
264 192 16
264 199 6
264 210 3
264 214 21
264 218 10
264 228 13
264 242 9
264 248 15
264 259 9
264 263 20
264 269 4
264 280 11
264 284 2
264 302 16
265 9 3
265 13 10
265 22 18
265 25 23
265 29 20
265 51 11
265 63 5
265 73 3
265 74 2
265 77 23
265 81 16
265 97 5
265 107 12
265 111 16
265 123 2
265 127 12
265 144 20
265 146 12
265 160 11
265 218 23
265 230 9
265 245 20
265 273 6
265 281 11
266 9 5
266 11 8
266 12 7
266 41 8
266 43 18
266 64 8
266 71 23
266 73 20
266 90 18
266 98 11
266 105 13
266 112 8
266 127 15
266 138 17
266 154 4
266 173 17
266 179 17
266 193 19
266 195 21
266 211 22
266 215 5
266 218 16
266 225 4
266 228 1
266 260 4
266 271 14
266 279 23
266 280 13
266 284 4
266 285 22
266 291 23
267 51 9
267 70 6
267 97 1
267 107 16
267 108 23
267 123 8
267 130 10
267 152 20
267 167 19
267 174 14
267 184 3
267 203 20
267 208 6
267 212 20
267 220 17
267 236 16
267 252 7
267 265 12
267 270 7
267 274 5
267 283 10
267 295 22
267 302 9
268 9 5
268 18 3
268 21 16
268 35 21
268 61 9
268 71 20
268 77 20
268 109 2
268 122 5
268 133 2
268 138 2
268 141 14
268 147 2
268 171 10
268 217 17
268 235 15
268 256 22
268 258 8
268 263 17
268 275 13
268 281 13
268 284 7
269 41 6
269 52 5
269 56 13
269 82 12
269 83 5
269 91 18
269 108 15
269 129 3
269 130 20
269 145 19
269 160 22
269 183 12
269 185 17
269 198 7
269 218 2
269 222 13
269 234 9
269 235 6
269 241 14
269 254 10
269 272 14
269 274 9
269 276 13
269 294 7
269 302 17
270 7 6
270 27 14
270 28 11
270 40 18
270 46 20
270 60 17
270 109 17
270 118 18
270 135 1
270 154 22
270 156 22
270 158 12
270 161 14
270 166 19
270 176 8
270 179 9
270 198 17
270 204 13
270 222 2
270 250 18
270 251 15
270 260 8
270 292 3
271 6 14
271 16 16
271 34 6
271 40 21
271 77 1
271 82 19
271 87 22
271 112 18
271 123 18
271 125 12
271 148 22
271 151 6
271 166 3
271 179 9
271 182 22
271 189 20
271 209 9
271 221 21
271 230 13
271 237 20
271 248 11
271 264 8
271 299 21
272 20 13
272 21 1
272 37 5
272 42 15
272 46 18
272 47 13
272 52 16
272 53 14
272 54 20
272 61 8
272 63 20
272 64 18
272 73 9
272 119 9
272 121 16
272 122 20
272 131 3
272 143 21
272 169 12
272 184 8
272 189 23
272 198 20
272 210 23
272 227 14
272 237 23
272 244 14
272 250 3
272 269 19
272 272 1
272 277 10
272 303 11
273 10 8
273 15 4
273 18 15
273 21 22
273 29 22
273 36 21
273 42 8
273 51 6
273 64 17
273 96 16
273 97 2
273 110 5
273 135 1
273 162 10
273 174 14
273 186 14
273 197 6
273 200 12
273 201 2
273 206 7
273 227 5
273 230 21
273 238 7
273 243 18
273 247 20
273 250 20
273 251 20
273 259 10
273 284 15
273 294 23
274 3 14
274 7 22
274 14 4
274 35 5
274 45 14
274 46 2
274 59 19
274 61 21
274 85 1
274 92 12
274 107 13
274 137 3
274 149 11
274 153 7
274 155 6
274 166 1
274 174 20
274 179 6
274 192 12
274 195 15
274 200 12
274 203 11
274 210 13
274 229 18
274 231 5
274 246 3
274 270 9
274 302 19
274 303 6
275 13 23
275 15 18
275 29 19
275 35 15
275 53 21
275 60 17
275 61 22
275 66 16
275 69 12
275 73 19
275 94 17
275 98 18
275 107 3
275 110 13
275 121 5
275 136 9
275 148 18
275 166 5
275 173 23
275 178 23
275 201 11
275 218 14
275 260 6
275 262 21
275 264 20
275 268 23
275 269 19
275 277 17
275 282 2
275 292 14
276 3 22
276 5 18
276 7 9
276 25 18
276 40 3
276 42 23
276 58 11
276 60 1
276 65 16
276 77 17
276 81 20
276 86 3
276 96 11
276 103 22
276 138 15
276 159 15
276 187 1
276 190 3
276 198 19
276 206 17
276 217 20
276 240 23
276 264 2
276 268 2
276 278 20
276 279 21
277 2 18
277 7 10
277 11 8
277 17 20
277 37 23
277 79 7
277 81 8
277 103 2
277 117 18
277 118 11
277 123 19
277 142 22
277 153 11
277 154 5
277 156 15
277 173 7
277 215 7
277 225 19
277 238 22
277 242 15
277 243 10
277 260 17
277 265 17
277 269 23
277 274 10
277 290 13
277 301 22
278 51 11
278 61 14
278 65 13
278 66 3
278 67 9
278 76 22
278 85 10
278 100 22
278 141 15
278 168 10
278 191 6
278 202 11
278 226 21
278 240 16
278 265 6
278 281 20
278 292 4
278 296 10
279 2 5
279 5 4
279 20 16
279 39 1
279 44 3
279 52 7
279 53 10
279 54 13
279 66 17
279 81 3
279 82 22
279 88 7
279 116 2
279 119 4
279 150 14
279 175 8
279 186 23
279 187 22
279 190 23
279 231 3
279 232 20
279 248 14
279 249 13
279 261 20
279 285 1
279 289 4
279 297 12
280 16 23
280 31 23
280 41 15
280 42 9
280 60 5
280 76 19
280 84 18
280 92 22
280 101 15
280 119 18
280 122 2
280 128 4
280 129 6
280 142 5
280 156 19
280 165 12
280 169 23
280 171 22
280 173 2
280 182 1
280 196 15
280 204 18
280 233 23
280 270 18
280 278 8
280 285 7
280 288 1
280 299 4
281 2 2
281 15 4
281 17 16
281 20 1
281 36 4
281 43 1
281 57 4
281 64 2
281 65 13
281 72 15
281 94 17
281 117 4
281 138 10
281 140 18
281 149 1
281 151 15
281 155 16
281 164 20
281 166 20
281 176 15
281 187 12
281 210 15
281 223 15
281 227 4
281 229 3
281 234 8
281 238 21
281 244 11
281 247 15
281 250 21
281 257 8
281 266 16
281 276 18
281 284 23
281 292 10
282 22 15
282 73 18
282 74 13
282 84 16
282 86 7
282 108 5
282 118 3
282 139 5
282 148 8
282 158 21
282 160 5
282 163 16
282 173 13
282 176 18
282 187 6
282 193 22
282 205 7
282 216 20
282 241 7
282 244 10
282 248 23
282 249 15
282 273 1
282 284 4
282 285 23
282 299 15
283 18 11
283 20 15
283 44 9
283 48 5
283 49 1
283 87 1
283 102 22
283 114 8
283 140 10
283 141 22
283 145 6
283 146 7
283 147 3
283 148 13
283 156 4
283 167 2
283 192 5
283 219 10
283 231 19
283 236 4
283 243 2
283 258 2
283 259 23
283 265 9
284 22 5
284 24 16
284 30 17
284 60 5
284 63 13
284 102 16
284 106 13
284 109 18
284 119 1
284 121 22
284 126 22
284 128 18
284 141 16
284 144 14
284 152 19
284 158 19
284 163 12
284 177 1
284 181 2
284 218 9
284 254 13
284 259 22
284 264 10
284 265 11
284 282 3
284 301 5
285 22 8
285 33 4
285 41 7
285 60 8
285 78 12
285 82 5
285 86 17
285 98 22
285 102 10
285 114 1
285 117 8
285 130 22
285 132 18
285 136 2
285 140 14
285 141 16
285 144 14
285 145 23
285 150 23
285 165 9
285 190 13
285 197 11
285 219 10
285 241 8
285 245 19
285 248 16
285 260 7
286 36 22
286 47 21
286 62 9
286 80 4
286 82 5
286 86 6
286 88 4
286 98 6
286 114 18
286 117 8
286 130 17
286 136 10
286 150 11
286 174 17
286 181 12
286 189 4
286 194 11
286 199 13
286 227 11
286 231 20
286 250 3
286 252 11
286 262 19
286 269 6
286 274 17
286 276 23
286 284 9
286 294 1
286 295 13
286 301 18
287 18 7
287 25 11
287 26 15
287 29 9
287 44 8
287 53 14
287 57 15
287 73 11
287 79 13
287 94 3
287 99 13
287 100 6
287 115 6
287 121 17
287 131 16
287 144 17
287 191 20
287 194 3
287 198 7
287 199 8
287 201 22
287 223 3
287 229 12
287 235 11
287 236 8
287 239 5
287 243 11
287 244 10
287 253 5
287 254 23
287 261 5
287 294 6
288 3 10
288 17 13
288 19 8
288 51 18
288 52 20
288 59 22
288 71 22
288 76 10
288 88 18
288 106 5
288 109 9
288 112 1
288 115 22
288 117 2
288 119 11
288 144 18
288 146 4
288 149 17
288 150 19
288 189 20
288 193 14
288 204 7
288 215 7
288 222 21
288 236 11
288 259 11
288 262 2
288 276 10
288 278 10
289 39 6
289 41 15
289 58 20
289 95 12
289 97 22
289 122 8
289 131 9
289 140 15
289 142 6
289 157 18
289 175 3
289 185 11
289 190 20
289 203 20
289 212 9
289 220 21
289 233 8
289 256 20
289 266 19
289 281 18
290 1 16
290 11 9
290 22 8
290 25 16
290 37 9
290 38 6
290 75 4
290 99 20
290 102 1
290 125 13
290 131 6
290 134 6
290 138 21
290 156 2
290 170 17
290 184 13
290 195 3
290 219 19
290 225 21
290 229 9
290 235 7
290 254 18
290 258 13
290 276 4
290 292 14
290 302 15
290 303 1
291 15 21
291 20 5
291 31 13
291 52 16
291 69 20
291 84 21
291 87 23
291 88 13
291 107 7
291 112 22
291 120 10
291 128 3
291 156 16
291 161 16
291 163 8
291 209 21
291 229 7
291 240 4
291 263 9
291 266 19
291 278 6
291 280 21
291 288 11
292 9 8
292 20 5
292 26 5
292 56 14
292 89 8
292 98 18
292 100 22
292 101 2
292 118 10
292 119 4
292 129 9
292 133 19
292 139 17
292 155 6
292 168 12
292 174 23
292 182 6
292 199 5
292 232 3
292 240 8
292 245 20
292 256 18
292 260 10
292 295 12
293 30 18
293 60 7
293 63 14
293 95 14
293 97 6
293 99 11
293 145 18
293 162 8
293 164 15
293 170 22
293 173 15
293 175 16
293 178 10
293 193 14
293 198 12
293 201 19
293 211 11
293 222 20
293 231 8
293 243 21
293 255 19
293 259 20
293 263 15
293 264 2
293 265 1
293 278 17
293 285 3
293 290 14
293 291 6
294 20 6
294 22 2
294 29 23
294 30 12
294 33 15
294 40 7
294 44 12
294 54 20
294 55 18
294 75 19
294 81 11
294 83 16
294 99 10
294 102 21
294 103 3
294 114 17
294 151 3
294 157 15
294 194 21
294 197 22
294 199 23
294 223 19
294 224 11
294 233 13
294 253 10
294 265 12
294 267 7
294 295 20
294 299 9
295 30 20
295 50 19
295 96 14
295 97 22
295 110 19
295 138 3
295 153 7
295 156 19
295 162 8
295 169 3
295 195 14
295 202 3
295 216 8
295 230 23
295 235 6
295 241 5
295 248 19
295 249 23
295 266 1
295 270 11
295 271 14
295 280 22
295 289 4
295 290 9
295 291 3
295 294 16
295 297 12
296 19 15
296 23 22
296 36 3
296 54 17
296 57 12
296 65 21
296 93 7
296 102 10
296 109 10
296 110 3
296 135 11
296 137 23
296 140 10
296 161 7
296 164 13
296 170 6
296 171 14
296 178 6
296 199 12
296 231 12
296 234 2
296 245 5
296 248 12
296 253 6
296 254 18
296 258 4
296 260 9
296 286 21
296 292 7
297 9 18
297 15 3
297 19 15
297 26 10
297 34 5
297 40 8
297 45 21
297 59 20
297 71 8
297 79 2
297 93 6
297 112 5
297 119 12
297 132 5
297 134 14
297 141 12
297 143 11
297 169 14
297 176 3
297 188 11
297 196 2
297 198 8
297 213 12
297 246 23
297 264 20
297 267 11
297 279 11
297 286 17
298 4 13
298 31 2
298 42 23
298 45 7
298 55 5
298 62 8
298 78 10
298 84 3
298 88 9
298 102 7
298 112 22
298 119 17
298 125 2
298 129 22
298 144 15
298 151 13
298 175 3
298 180 5
298 183 19
298 185 8
298 197 12
298 199 21
298 207 18
298 208 13
298 217 5
298 254 23
298 259 6
298 261 18
298 270 10
298 273 17
298 275 6
298 291 22
298 292 18
298 303 22
299 12 22
299 31 16
299 34 7
299 54 8
299 56 19
299 62 9
299 70 8
299 98 11
299 106 2
299 110 10
299 111 9
299 122 16
299 126 16
299 143 6
299 147 15
299 148 11
299 151 13
299 155 3
299 168 8
299 181 1
299 187 10
299 192 7
299 199 23
299 202 9
299 205 18
299 206 3
299 224 19
299 225 23
299 255 1
299 273 14
299 281 22
299 282 16
299 286 23
300 7 22
300 18 23
300 27 18
300 31 7
300 34 7
300 35 23
300 43 3
300 70 10
300 84 8
300 85 12
300 119 3
300 138 13
300 161 20
300 165 13
300 210 2
300 214 23
300 215 15
300 218 19
300 229 3
300 231 15
300 278 18
300 290 11
301 89 3
301 97 20
301 104 7
301 108 3
301 113 14
301 119 14
301 133 18
301 155 6
301 207 7
301 210 16
301 214 22
301 218 19
301 227 16
301 239 23
301 256 18
301 259 18
301 264 9
301 266 2
301 270 7
301 275 5
301 290 15
301 297 3
301 300 12
302 14 10
302 21 19
302 60 3
302 67 6
302 78 15
302 101 11
302 107 17
302 115 3
302 121 13
302 124 8
302 132 3
302 145 9
302 162 15
302 167 10
302 170 20
302 201 15
302 208 10
302 214 12
302 218 13
302 220 5
302 239 5
302 240 6
302 241 22
302 248 16
302 252 15
302 258 1
302 268 22
302 276 13
302 280 9
303 7 19
303 23 1
303 24 12
303 25 14
303 26 20
303 33 11
303 36 6
303 38 7
303 43 5
303 67 2
303 72 14
303 93 6
303 116 21
303 119 22
303 172 20
303 178 1
303 191 19
303 193 11
303 213 10
303 236 1
303 238 18
303 246 15
303 252 22
303 256 23
303 264 13
303 284 15
303 289 8
303 290 7
303 293 7
